0.321443 
0.0893139 
0.0893139 
0.272396 
0.153735 
0.153735 
0.0461411 
0.0594823 
0.296005 
2.26817e-05 
0.0143802 
0.685045 
0.685045 
0.685045 
0.981823 
0.925877 
0.925877 
0.738853 
0.121295 
0.0668787 
0.850575 
0.660143 
0.660143 
0.966394 
0.186819 
0.766378 
0.766378 
0.0844994 
0.0948025 
0.00843335 
0.210591 
0.00198329 
0.00198329 
0.225845 
0.00827415 
0.00827415 
0.112376 
0.082254 
0.87663 
0.847426 
0.847426 
0.553006 
0.809073 
0.212912 
0.212912 
0.212912 
0.0805899 
0.0805899 
0.000755275 
0.22873 
0.22873 
0.22873 
0.0350381 
0.0350381 
0.0372338 
0.0372338 
0.0012304 
0.0012304 
0.0537494 
0.00201489 
0.428655 
0.428655 
0.207869 
0.187522 
0.187522 
0.187522 
0.0287183 
0.0287183 
0.256614 
0.153424 
0.153424 
0.0279587 
0.0279587 
0.0165689 
0.00801574 
0.397304 
0.00147114 
0.00239691 
0.059319 
0.0346791 
0.374555 
0.374555 
0.0108047 
0.522874 
0.525786 
0.819333 
0.979459 
0.696348 
0.696348 
0.163351 
0.664496 
0.664496 
0.331901 
0.844591 
0.672906 
0.672906 
0.672906 
0.0272187 
0.0272187 
0.621618 
0.621618 
0.621618 
0.0498756 
0.227317 
0.461303 
0.000280522 
0.376024 
0.376024 
0.00140442 
0.153371 
0.805912 
0.920529 
0.692195 
0.996101 
0.895146 
0.171569 
0.583884 
0.0183565 
0.486711 
0.486711 
0.693493 
0.693493 
0.96764 
0.907453 
0.770525 
0.587093 
0.587093 
0.587093 
0.587093 
0.585134 
0.00204123 
0.262736 
0.000104697 
0.103013 
0.617984 
0.226126 
0.226126 
0.181534 
0.181534 
0.131596 
0.141255 
0.0653179 
0.487202 
0.591292 
0.591292 
0.591292 
0.956113 
0.956113 
0.356232 
0.0369941 
0.0686207 
0.50236 
0.50236 
0.50236 
0.824319 
0.620648 
0.620648 
0.620648 
0.620648 
0.95594 
0.95594 
0.839237 
0.859274 
0.871411 
0.456099 
0.115566 
0.00294451 
0.00294451 
0.687044 
0.35259 
0.594742 
8.0225e-05 
0.0959914 
0.364005 
0.18575 
0.0188967 
0.232748 
0.620744 
0.620744 
0.000782023 
0.355315 
0.27051 
0.0127287 
0.515411 
0.0883493 
0.0123725 
0.0123725 
0.798713 
0.960576 
0.728233 
0.901353 
0.637325 
0.00265946 
0.730426 
0.691099 
0.691099 
0.000646741 
0.000646741 
0.0310705 
0.0947613 
0.583783 
0.119486 
0.0831326 
0.745778 
0.745778 
0.941209 
0.926133 
0.925842 
0.756442 
0.406674 
0.0322485 
0.522868 
0.0106164 
0.298438 
0.00332521 
0.401365 
0.999932 
0.373847 
0.102191 
0.492038 
0.0675793 
0.0526723 
0.598411 
0.258423 
0.0248312 
0.468138 
0.0674736 
0.876739 
0.75676 
0.999952 
0.739157 
0.41935 
0.468135 
0.468135 
0.468135 
0.889835 
0.170356 
0.257653 
0.10416 
0.147359 
0.475319 
0.0667253 
0.0667253 
0.876224 
0.876224 
0.876224 
0.218564 
0.218564 
0.0514312 
0.0514312 
0.314993 
0.314993 
0.447612 
0.481666 
0.0132298 
0.310428 
0.310428 
0.310428 
0.310428 
0.0506171 
0.712644 
0.110708 
0.41059 
0.0451772 
0.686376 
0.143742 
0.143742 
0.801412 
0.780194 
0.0286571 
0.0286571 
0.293111 
0.354253 
0.0120504 
0.513335 
0.253625 
0.546864 
0.978856 
0.982108 
0.960321 
0.712578 
0.218958 
4.20684e-05 
0.0177499 
0.0142505 
0.123646 
0.0172304 
0.524904 
0.461763 
0.461763 
0.638026 
0.99493 
0.860132 
0.223913 
0.158622 
1.73423e-05 
0.0979673 
0.0979673 
0.0622241 
0.249346 
0.249346 
0.491442 
0.582918 
0.605173 
0.357741 
0.20425 
0.20425 
0.0367614 
0.0367614 
0.0367614 
0.0367614 
0.679766 
0.975304 
0.920486 
0.853475 
0.360763 
0.927912 
0.91498 
0.978569 
0.975516 
0.845063 
0.67805 
0.148662 
0.0629796 
0.0629796 
0.17331 
0.0241684 
0.457931 
0.090248 
0.122034 
0.156683 
0.586528 
0.716509 
0.22756 
0.00224835 
0.128031 
0.0710807 
0.0448001 
0.000229202 
0.501249 
0.252402 
0.252402 
0.718401 
0.528799 
0.528799 
0.015928 
0.00947857 
0.00947857 
0.178444 
0.0218323 
0.337131 
0.0454295 
0.707368 
0.707368 
0.242718 
0.978167 
0.978167 
0.546477 
0.80793 
0.494683 
0.345475 
0.345475 
0.345475 
0.92862 
0.53353 
0.270193 
0.166687 
0.0267391 
0.459384 
0.0186957 
0.0239108 
0.0450462 
0.0720381 
0.0640388 
0.00967708 
0.148826 
0.148826 
0.111599 
0.674024 
0.00134323 
0.540714 
0.691339 
0.691339 
0.874271 
0.970768 
0.376696 
0.746201 
0.964473 
0.464047 
0.917927 
0.999122 
0.907128 
0.907128 
0.904292 
0.227913 
0.00157327 
0.27439 
0.707314 
0.97155 
0.914692 
0.941664 
0.956964 
0.764229 
0.912422 
0.635742 
0.85508 
0.89736 
0.663989 
0.225824 
0.445853 
0.491469 
0.0154596 
0.732627 
0.916229 
0.962068 
0.933583 
0.58996 
0.000326753 
0.318951 
0.0987451 
0.161552 
0.161552 
0.24146 
0.0923983 
0.0762151 
0.664312 
0.558993 
0.434323 
0.841788 
0.289041 
0.289041 
0.657198 
0.457653 
0.205673 
0.0109034 
0.0109034 
0.740234 
0.452605 
0.780161 
0.520193 
0.994682 
0.51461 
0.999674 
0.404403 
7.59883e-06 
0.0437928 
0.544846 
0.544846 
0.191482 
0.160171 
0.962325 
0.625259 
0.141346 
0.305533 
0.00266108 
0.00266108 
0.254744 
0.0632526 
0.13294 
0.0213931 
0.163494 
0.0290261 
0.293172 
0.154147 
0.952982 
0.86532 
0.594759 
0.130833 
0.0733987 
0.548674 
0.433908 
0.433908 
0.0496049 
0.327933 
0.454737 
0.644489 
3.71628e-05 
3.71628e-05 
0.147911 
0.0239223 
0.439273 
0.00340635 
0.407131 
0.00397601 
0.264869 
0.000565302 
0.491115 
0.907263 
0.991482 
0.936108 
0.986969 
0.569267 
0.403216 
0.000692386 
0.310432 
0.310432 
0.933512 
0.850971 
0.769284 
0.193546 
0.0487793 
0.14497 
0.00468587 
0.316046 
0.999221 
0.944686 
0.762572 
0.968889 
0.648617 
0.253394 
0.0642411 
0.3774 
0.409314 
0.0174453 
0.0174453 
0.0172012 
0.751898 
0.966545 
0.379747 
0.0246148 
0.00443372 
0.0666369 
0.019511 
0.365702 
0.0613293 
0.125907 
0.2397 
0.0141483 
0.0240992 
0.221332 
0.929229 
0.214519 
1.8922e-05 
0.00804705 
0.678672 
0.697686 
0.863025 
0.482426 
0.232131 
0.169023 
0.134172 
0.0120798 
0.0609871 
0.52052 
0.997735 
0.607783 
0.724299 
0.089886 
0.264825 
0.169807 
0.00953214 
0.103062 
0.010724 
0.162862 
0.0167477 
0.0167477 
0.00687478 
0.00687478 
0.0632661 
0.0632661 
0.0543662 
0.0543662 
0.159228 
0.130249 
0.00612806 
0.18366 
0.307211 
0.684684 
0.921974 
0.760305 
0.0606819 
0.0606819 
0.0606819 
0.109962 
0.0897975 
0.859708 
0.407662 
0.501994 
0.670849 
0.140603 
0.0235593 
0.693957 
0.62147 
0.0437324 
0.0394873 
0.0311735 
0.768631 
0.979495 
0.323029 
0.0165971 
0.481912 
0.995581 
0.897238 
0.771876 
0.778204 
0.721457 
0.999882 
0.725303 
0.610337 
0.591539 
0.99352 
0.768168 
0.981286 
0.21551 
0.462197 
0.931573 
0.185989 
0.0886825 
0.0422571 
0.261425 
0.164473 
5.51174e-05 
0.297964 
0.0450913 
0.085462 
0.00506106 
0.593402 
0.494841 
0.0299914 
0.50523 
0.963647 
0.999481 
0.989599 
0.6066 
0.975684 
0.883098 
0.669441 
0.296183 
0.0963922 
0.541624 
0.0256217 
0.499568 
0.00909392 
0.00909392 
0.286108 
0.532647 
0.983422 
0.953982 
0.979362 
0.918193 
0.667191 
0.974236 
0.259917 
0.495209 
0.742286 
0.457107 
0.984603 
0.661383 
0.996449 
0.828879 
0.154636 
0.183908 
0.00328935 
0.0045194 
0.0045194 
0.00274705 
0.112157 
0.179389 
0.0042266 
0.0997366 
0.167468 
0.0925383 
0.363989 
0.885115 
0.909565 
0.909745 
0.145067 
0.928281 
0.723484 
0.358579 
0.538185 
0.321214 
0.121198 
0.776437 
0.505295 
0.0111134 
0.160116 
0.106908 
0.0269544 
0.0269544 
0.0269544 
0.320208 
0.0124815 
0.00312757 
0.00312757 
0.616516 
0.962433 
0.622385 
0.99745 
0.99409 
0.990955 
0.480373 
0.701082 
0.915428 
0.0967968 
0.00348083 
0.0193504 
0.573608 
0.0661872 
0.0853033 
0.0461557 
0.874324 
0.958807 
0.53126 
0.626956 
0.981911 
0.70704 
0.913208 
0.999981 
0.887743 
0.743815 
0.689 
0.789137 
0.676855 
0.592407 
0.378219 
0.956043 
0.222988 
0.0675232 
0.0370986 
0.313895 
0.643189 
0.981323 
0.799509 
0.0156723 
0.593656 
0.920206 
0.818108 
0.982767 
0.582418 
0.00178597 
0.301434 
0.151703 
0.854652 
0.951264 
0.999684 
0.707825 
0.851887 
0.996945 
0.600961 
0.511678 
0.700728 
0.789971 
0.790891 
0.915817 
0.26145 
0.293713 
0.0585062 
0.844983 
0.479012 
0.866345 
0.847049 
0.956887 
0.840457 
0.849993 
0.996606 
0.953049 
0.205057 
0.798331 
0.543442 
0.538414 
0.115589 
0.866159 
0.977837 
0.804559 
0.925739 
0.907153 
0.803363 
0.160018 
0.116576 
0.435348 
0.978466 
0.901467 
0.198025 
0.200835 
0.274021 
0.0351638 
0.0690642 
0.000888292 
0.000888292 
0.667678 
0.972288 
0.963392 
0.668528 
0.975956 
0.996496 
0.787386 
0.582527 
0.488042 
0.715303 
0.99313 
0.962558 
0.978639 
0.631856 
0.99172 
0.986118 
0.923767 
0.8559 
0.954951 
0.361889 
0.150298 
0.00144418 
0.0816904 
0.163367 
0.0617693 
0.491024 
0.603738 
0.997614 
0.971472 
0.988344 
0.601576 
0.918082 
0.893098 
0.874496 
0.797626 
0.549435 
0.000836284 
0.703501 
0.996571 
0.953977 
0.973825 
0.534063 
0.0298978 
0.301653 
0.810181 
0.831759 
0.112839 
0.150017 
0.114607 
0.102241 
0.262346 
0.0756123 
0.861055 
0.633105 
0.91596 
0.53618 
0.301106 
0.393917 
0.93671 
0.238126 
0.182576 
0.147135 
0.370438 
0.0542616 
0.601093 
0.239767 
0.0887486 
0.404756 
0.010082 
0.0821878 
0.344347 
2.91458e-07 
0.180827 
0.0323909 
0.00733745 
0.101366 
0.0559702 
0.473608 
0.536587 
0.356493 
0.60924 
0.277113 
0.553473 
0.535658 
0.142953 
0.0078175 
0.596327 
0.728374 
0.364272 
0.999838 
0.815968 
0.791568 
0.785167 
0.949073 
0.245944 
0.283155 
0.233779 
0.760967 
0.929824 
0.618146 
0.381161 
0.0473716 
0.776267 
0.0229132 
0.0281181 
0.547597 
0.972158 
0.739667 
0.661153 
0.962697 
0.921004 
0.999966 
0.399385 
0.89064 
0.972207 
0.866193 
0.0832284 
0.181796 
0.844779 
0.0411249 
0.0920503 
0.819569 
0.952728 
0.222092 
0.880667 
0.803285 
0.924764 
0.889487 
0.982391 
0.320777 
0.373793 
0.0839541 
0.35424 
0.813054 
0.660049 
0.596742 
0.189886 
0.261737 
0.0411128 
0.054883 
0.251518 
0.0532891 
0.0417035 
0.00302064 
0.00302064 
0.0797272 
0.0289434 
0.285258 
0.169007 
0.963136 
0.525164 
0.0975522 
0.910092 
0.999996 
0.751682 
0.937351 
0.993981 
0.998336 
0.709089 
0.808018 
0.686582 
0.242626 
0.0740677 
0.444569 
0.0267062 
0.602094 
0.99796 
0.993858 
0.408961 
0.921551 
0.116068 
0.11093 
0.0604116 
0.0209139 
0.738499 
0.238794 
0.137867 
0.0489293 
0.824592 
0.937157 
0.708156 
0.862319 
0.852648 
0.847149 
0.523455 
0.971556 
0.896313 
0.544488 
0.840896 
0.869909 
0.905319 
0.848578 
0.0634705 
0.33355 
0.285987 
0.284554 
0.638954 
0.0566615 
0.00257174 
0.00257174 
0.0472781 
0.00176882 
0.00176882 
0.0938319 
0.290208 
0.0437921 
0.245566 
0.997227 
0.882336 
0.641332 
0.354157 
0.42741 
0.248392 
0.0643803 
0.568616 
0.00739869 
0.65794 
0.428544 
0.854413 
0.10501 
0.219155 
0.492658 
0.966337 
0.974941 
0.424604 
0.0718791 
0.00687121 
0.000955091 
0.00606073 
0.328095 
0.776048 
0.998706 
0.411469 
0.872844 
0.445478 
0.770072 
0.981813 
0.838117 
0.987613 
0.622667 
0.0364577 
0.413638 
0.988275 
0.931631 
0.962623 
0.999966 
0.632222 
0.0512549 
9.34434e-05 
0.04629 
0.396422 
0.00606925 
0.419102 
0.903812 
0.960077 
0.980411 
0.761822 
0.808163 
0.96354 
0.570589 
0.922695 
0.933682 
0.136721 
0.0598001 
0.427276 
0.0658203 
5.99649e-05 
5.99649e-05 
0.000937259 
0.352932 
0.990165 
0.979178 
0.990346 
0.910765 
0.0945567 
0.0100083 
0.139886 
0.141474 
0.326949 
0.424153 
0.0768546 
0.192918 
0.784397 
0.6983 
0.387051 
0.309467 
0.731616 
0.786639 
0.997596 
0.968779 
0.476519 
0.938469 
0.9692 
0.975775 
0.478006 
0.0104772 
0.235447 
0.420666 
0.0623579 
0.0554735 
0.531751 
0.515252 
0.75729 
0.259657 
0.177114 
0.928504 
0.706547 
0.197598 
0.961151 
0.996726 
0.850101 
0.172982 
0.734774 
0.0662268 
0.0302255 
0.28355 
0.0760725 
0.243095 
0.936562 
0.327078 
0.0248567 
0.216174 
0.956804 
0.801834 
0.0309422 
0.0538218 
0.158447 
0.0554317 
0.103207 
0.909908 
0.878703 
0.641678 
0.00218769 
0.599221 
0.264953 
0.0224643 
0.328025 
0.990186 
0.426012 
0.691692 
0.372472 
0.746818 
0.910752 
0.170501 
0.210569 
0.151089 
0.131874 
0.10279 
0.000181684 
0.624229 
0.411418 
0.349478 
0.598814 
0.0180322 
0.160469 
0.144356 
0.159455 
0.447727 
0.0812748 
0.284591 
0.937972 
0.706221 
0.946529 
0.151289 
0.00027532 
0.627849 
0.946036 
0.945468 
0.90731 
0.44621 
0.986212 
0.819224 
0.539299 
0.332877 
0.0198546 
0.819828 
0.978575 
0.977582 
0.885678 
0.267644 
0.998947 
0.429588 
0.302902 
0.236173 
0.121284 
0.0299588 
0.00328663 
0.4512 
0.0131533 
0.371468 
0.545185 
0.995596 
0.294366 
0.0417472 
0.218867 
0.83726 
0.501168 
0.180402 
0.00134774 
0.105605 
0.805213 
0.161114 
0.495824 
0.929054 
0.998765 
0.63134 
0.993542 
0.861635 
0.45401 
0.292703 
0.0419863 
0.216145 
0.209925 
0.956667 
0.84894 
0.844419 
0.733611 
0.928688 
0.955568 
0.719962 
0.0376749 
0.294036 
0.103707 
0.383076 
0.247553 
0.0316465 
0.618094 
0.992315 
0.353192 
0.128377 
0.709419 
0.492661 
0.985406 
0.946363 
0.655097 
0.949123 
0.751287 
0.149959 
0.484351 
0.00581159 
0.271864 
0.000110889 
0.0348236 
0.808788 
0.875417 
0.877555 
0.536784 
0.713355 
0.735136 
0.4131 
0.534697 
0.0425453 
0.727207 
0.996712 
0.942669 
0.867922 
0.940291 
0.916879 
0.919044 
0.983844 
0.337435 
0.0910985 
0.104312 
0.357004 
0.829436 
0.160471 
0.166187 
0.595146 
0.999958 
0.931655 
0.523982 
0.395138 
0.894193 
0.890716 
0.255462 
0.801288 
0.984441 
0.871193 
0.997927 
0.660321 
0.754944 
0.27052 
0.0519382 
0.201822 
0.237112 
0.102559 
0.171134 
0.11691 
0.175525 
0.391895 
0.982477 
0.729256 
0.0568405 
0.0984126 
0.143967 
0.31675 
0.645026 
0.0492721 
0.841148 
0.982151 
0.979392 
0.89598 
0.349494 
0.0724231 
0.339091 
0.000140336 
0.000177491 
0.7113 
0.537963 
0.00112502 
0.0696742 
0.0175537 
0.757205 
0.0757009 
0.0295213 
0.188729 
0.23797 
0.990369 
0.241136 
0.976707 
0.60763 
0.578466 
0.0641274 
0.312068 
0.940412 
0.642491 
0.451442 
0.307389 
0.0952129 
0.354729 
0.0774462 
0.0101161 
0.12376 
0.924532 
0.369416 
0.00820991 
0.453114 
0.0197071 
0.273525 
0.16169 
0.0624337 
0.540865 
0.0647899 
0.18996 
0.028341 
0.509708 
0.571444 
0.989721 
0.568639 
0.996892 
0.759934 
0.460532 
0.844535 
0.93093 
0.992956 
0.503532 
0.00516041 
0.627772 
0.994975 
0.609267 
0.828005 
0.917359 
0.996931 
0.351879 
0.116926 
0.224847 
0.137927 
0.85297 
0.827779 
0.983835 
0.998735 
0.978702 
0.224326 
0.00262292 
0.30174 
0.0638974 
0.363805 
0.998862 
0.999999 
0.619168 
0.74778 
0.999955 
0.295766 
0.954277 
0.257901 
0.974895 
0.459146 
0.000117826 
0.300947 
0.45026 
0.726447 
0.857427 
0.676256 
0.99507 
0.61228 
0.247831 
0.0027887 
0.490868 
0.149653 
0.955928 
0.967276 
0.912808 
0.978482 
0.46154 
0.989779 
0.810451 
0.103802 
0.153494 
0.0553166 
0.229718 
0.881962 
0.847943 
0.529345 
0.172197 
0.121034 
0.387005 
0.019158 
0.548136 
0.975794 
0.369281 
0.128873 
0.939894 
0.992093 
0.413349 
0.816943 
0.950805 
0.746791 
0.949605 
0.434143 
0.357729 
0.0174017 
0.43576 
0.626092 
0.336924 
0.96375 
0.674482 
0.766952 
0.369113 
0.786842 
0.41669 
0.985489 
0.609618 
0.592438 
0.894905 
0.644244 
0.494043 
0.680884 
0.00962948 
0.716016 
0.968446 
0.559035 
0.070253 
0.0076342 
0.66639 
0.950176 
0.121186 
0.0275487 
0.170179 
0.33397 
0.818612 
0.0230214 
0.703817 
0.0629345 
0.2037 
0.344177 
0.272842 
0.102753 
0.293244 
0.00701039 
0.0151478 
0.392282 
0.842005 
0.541025 
0.504906 
0.998936 
0.593591 
0.000176605 
0.349897 
0.605814 
0.892106 
0.840752 
0.854585 
0.0719027 
0.542152 
0.938049 
0.601931 
0.888628 
0.939887 
0.59678 
0.907695 
0.640665 
0.00793317 
0.351942 
0.176149 
0.177849 
0.00285241 
0.400462 
0.214043 
0.173002 
0.0233132 
0.466157 
0.118395 
0.0452819 
0.127464 
0.516234 
0.224363 
0.874374 
0.201064 
0.519764 
0.994457 
0.950378 
0.718694 
0.842895 
0.905578 
0.781338 
0.0525224 
0.00207277 
0.338827 
0.394512 
0.999207 
0.318622 
0.0260778 
0.798691 
0.279393 
0.139851 
0.669183 
0.860214 
0.661913 
0.329294 
0.0397077 
0.064386 
0.0327449 
0.00391868 
0.303109 
0.743047 
0.972613 
0.558761 
0.683698 
0.426479 
0.956744 
0.853301 
0.85878 
0.758094 
0.0131314 
0.659643 
0.426104 
0.0320222 
0.514336 
0.277443 
0.0987008 
0.889952 
0.997749 
0.704563 
0.672414 
0.978274 
0.556828 
0.849242 
0.94212 
0.595461 
0.00677205 
0.199538 
0.369072 
0.847176 
0.609299 
0.000103701 
0.539664 
0.999624 
0.401732 
0.645547 
0.00277187 
0.00333597 
0.00875516 
0.583173 
0.778236 
0.946929 
0.152461 
8.14251e-05 
0.0262936 
0.534102 
0.97924 
0.45971 
0.00963101 
0.0140333 
0.000722844 
0.313976 
0.11316 
0.749178 
0.195946 
0.0592002 
0.279484 
0.979381 
0.911583 
0.99877 
0.375125 
0.0229696 
0.288905 
0.0929533 
0.034003 
0.0812287 
0.0451036 
0.761433 
0.966817 
0.415837 
0.10033 
0.517105 
0.945171 
0.137323 
0.800293 
0.857475 
0.719819 
0.772567 
0.0912195 
0.172086 
0.0507222 
0.104914 
0.106494 
0.310847 
0.0388092 
0.00302518 
0.0297355 
0.186731 
0.981508 
0.490379 
0.0030044 
0.0371219 
0.330798 
0.501204 
0.912731 
0.154288 
0.0429835 
0.468749 
0.966893 
0.709003 
0.991305 
0.816208 
0.938044 
0.590449 
0.973565 
0.939835 
0.999662 
0.54048 
0.872749 
0.610909 
0.901456 
0.648048 
0.982051 
0.558836 
0.0298005 
0.158129 
0.874692 
0.999742 
0.608039 
0.000991628 
0.00950314 
0.296604 
0.0015889 
0.576718 
0.618594 
0.00760397 
0.0693158 
0.863643 
0.804265 
0.912414 
0.708518 
0.98591 
0.976303 
0.529461 
0.000116531 
0.585651 
0.951325 
0.283365 
0.996806 
0.968328 
0.789727 
0.112338 
0.019922 
0.406201 
0.0431717 
0.0140395 
0.0298355 
0.0721923 
0.580694 
0.00152798 
0.025656 
0.14411 
0.636292 
0.266565 
0.0684318 
0.00470899 
0.181507 
0.664282 
0.973251 
0.510283 
0.162679 
0.925211 
0.916748 
0.652272 
0.326696 
0.999914 
0.900517 
0.30348 
0.497802 
0.999711 
0.610609 
0.269166 
0.956283 
0.835303 
0.221424 
0.00362036 
0.0477318 
0.00295534 
0.0964952 
0.66431 
0.00470906 
0.000147298 
0.412005 
0.564947 
0.850807 
0.917152 
0.832748 
0.876051 
0.707726 
0.999048 
0.699942 
0.130919 
0.764065 
0.094129 
0.375791 
0.194302 
0.714318 
0.836652 
0.988921 
0.635876 
0.142313 
0.00508869 
0.585105 
0.847295 
0.946761 
0.907295 
0.463996 
2.36885e-05 
0.0421399 
0.619119 
0.0454035 
0.0319409 
0.0955373 
0.922768 
0.915009 
0.786454 
0.977353 
0.86391 
0.233868 
0.604862 
0.979089 
0.709758 
0.113388 
0.00788212 
0.184374 
0.00194787 
0.267559 
0.0951178 
0.854061 
0.8515 
0.999193 
0.800574 
0.528485 
0.434878 
0.899649 
0.809453 
0.942092 
0.736572 
0.134915 
0.276683 
0.181413 
0.0516425 
0.318759 
0.0636032 
0.209126 
0.393998 
0.747789 
0.88185 
0.46136 
0.026308 
0.498906 
0.172954 
0.859417 
0.465085 
0.00646043 
0.101784 
0.349953 
0.127732 
0.0524232 
0.145652 
0.00853975 
0.785743 
0.698751 
0.056497 
0.0285755 
0.729789 
0.986839 
0.265402 
0.969222 
0.982043 
0.999986 
0.944011 
0.991552 
0.51211 
0.997198 
0.956096 
0.893731 
0.994883 
0.810309 
0.0331069 
0.662469 
0.359769 
0.96228 
0.679198 
0.989287 
0.612016 
0.987366 
0.823018 
0.928448 
0.606741 
0.999872 
0.980643 
0.69786 
0.943452 
0.75653 
0.010529 
0.134686 
0.137887 
0.860568 
0.621874 
0.779282 
0.958692 
0.995238 
0.742471 
0.37077 
0.934667 
0.882332 
0.208743 
0.567607 
0.1025 
0.159689 
0.0255821 
0.117519 
0.100472 
0.899375 
0.877257 
0.943784 
0.939858 
0.989367 
0.449452 
0.0141504 
0.0894826 
0.300893 
0.214992 
0.0509457 
0.0495511 
0.0833063 
0.29507 
0.0557843 
0.00212166 
0.452294 
0.024188 
0.346326 
0.474668 
0.984546 
0.49559 
0.148563 
0.805487 
0.718378 
0.925394 
0.994474 
0.807318 
0.994711 
0.831464 
0.976182 
0.553991 
0.939477 
0.999797 
0.354684 
0.372491 
0.00944526 
0.269654 
0.304195 
0.132931 
0.951589 
0.183257 
0.182929 
0.900438 
0.666912 
0.432655 
0.996029 
0.885248 
0.996768 
0.995623 
0.622089 
0.995917 
0.883715 
0.763397 
0.993018 
0.67 
0.902739 
0.911216 
0.744401 
0.89717 
0.844623 
0.42034 
0.7497 
0.341579 
0.887767 
0.359665 
0.29259 
0.989311 
0.276772 
0.390904 
0.909233 
0.195324 
0.233509 
0.0533693 
0.0966784 
0.387843 
0.908403 
0.263892 
0.9952 
0.394028 
0.996589 
0.92103 
0.516422 
0.477745 
0.974371 
0.860923 
0.0784284 
0.30652 
0.994937 
0.571807 
0.869549 
0.0864858 
0.0079186 
0.598297 
0.000323983 
0.665424 
0.946841 
0.296327 
0.0866894 
0.274986 
0.518683 
0.000750288 
0.115806 
0.0936167 
0.191673 
8.83594e-05 
0.461061 
0.993237 
0.955161 
0.812634 
0.221825 
0.560774 
0.0982383 
0.901677 
0.796196 
0.568888 
0.843449 
0.436596 
0.991019 
0.991623 
0.380435 
0.0140564 
0.306939 
0.981114 
0.632692 
0.999288 
0.455659 
0.0141879 
0.420298 
0.00769207 
0.179801 
0.770731 
0.89538 
0.963014 
0.948052 
0.943558 
0.324095 
0.234062 
0.053285 
0.565429 
0.968891 
0.936865 
0.995909 
0.740547 
0.0761798 
0.0926203 
0.148303 
0.748241 
0.827316 
0.856276 
0.964378 
0.866368 
0.32316 
0.354913 
0.101178 
0.430154 
0.519263 
0.010346 
0.0560098 
0.0999223 
0.221275 
0.679482 
0.249908 
0.00381543 
0.304456 
0.0263861 
0.492148 
0.624121 
0.0358728 
0.444341 
0.903738 
0.630946 
0.871521 
0.701692 
0.926086 
0.843752 
0.906071 
0.0985943 
0.0511789 
0.000100303 
0.183465 
0.0487092 
0.392311 
0.00435929 
0.0792299 
0.000376822 
0.113858 
0.914598 
0.97024 
0.454639 
0.9251 
0.677487 
0.0797802 
0.024688 
0.329392 
0.0432665 
0.3457 
0.490857 
0.0624709 
0.000158778 
0.0672102 
0.356427 
0.989817 
0.454611 
0.000735597 
0.00724586 
0.447086 
0.190885 
0.579791 
0.510205 
0.999446 
0.850685 
0.167339 
0.398215 
0.834649 
0.189286 
0.0974826 
0.306596 
0.96703 
0.6394 
0.611127 
0.325287 
0.0633993 
0.796055 
0.998646 
0.674682 
0.265856 
0.00466743 
0.305902 
0.950549 
0.615283 
0.759574 
0.986355 
0.936118 
0.962931 
0.557699 
0.966318 
0.834168 
0.907481 
0.998438 
0.970049 
0.514262 
0.29975 
0.797199 
0.167514 
0.711752 
0.864007 
0.0479959 
0.0249043 
0.269389 
0.256798 
0.111046 
0.806361 
0.03273 
0.0207748 
0.322657 
0.0933395 
0.717819 
0.169219 
0.0283966 
0.530008 
0.196632 
0.604445 
0.873816 
0.763334 
0.036371 
0.295983 
0.00123814 
1.20327e-05 
0.16485 
0.384124 
0.000525288 
0.420103 
