-5.000000 0.038462 
-4.990000 0.041266 
-4.980000 0.044069 
-4.969999 0.046870 
-4.959999 0.049668 
-4.949999 0.052462 
-4.939999 0.055251 
-4.929998 0.058034 
-4.919998 0.060810 
-4.909998 0.063579 
-4.899998 0.066338 
-4.889997 0.069088 
-4.879997 0.071826 
-4.869997 0.074553 
-4.859997 0.077267 
-4.849997 0.079967 
-4.839996 0.082652 
-4.829996 0.085322 
-4.819996 0.087974 
-4.809996 0.090609 
-4.799995 0.093225 
-4.789995 0.095821 
-4.779995 0.098396 
-4.769995 0.100949 
-4.759995 0.103480 
-4.749994 0.105987 
-4.739994 0.108469 
-4.729994 0.110926 
-4.719994 0.113356 
-4.709993 0.115758 
-4.699993 0.118131 
-4.689993 0.120475 
-4.679993 0.122788 
-4.669992 0.125069 
-4.659992 0.127317 
-4.649992 0.129532 
-4.639992 0.131713 
-4.629992 0.133857 
-4.619991 0.135965 
-4.609991 0.138035 
-4.599991 0.140067 
-4.589991 0.142059 
-4.579990 0.144011 
-4.569990 0.145921 
-4.559990 0.147788 
-4.549990 0.149612 
-4.539989 0.151391 
-4.529989 0.153125 
-4.519989 0.154812 
-4.509989 0.156452 
-4.499989 0.158043 
-4.489988 0.159585 
-4.479988 0.161076 
-4.469988 0.162516 
-4.459988 0.163903 
-4.449987 0.165237 
-4.439987 0.166516 
-4.429987 0.167740 
-4.419987 0.168907 
-4.409986 0.170017 
-4.399986 0.171069 
-4.389986 0.172061 
-4.379986 0.172993 
-4.369986 0.173863 
-4.359985 0.174671 
-4.349985 0.175416 
-4.339985 0.176096 
-4.329985 0.176711 
-4.319984 0.177260 
-4.309984 0.177741 
-4.299984 0.178154 
-4.289984 0.178498 
-4.279984 0.178772 
-4.269983 0.178974 
-4.259983 0.179104 
-4.249983 0.179160 
-4.239983 0.179143 
-4.229982 0.179050 
-4.219982 0.178880 
-4.209982 0.178634 
-4.199982 0.178310 
-4.189981 0.177906 
-4.179981 0.177422 
-4.169981 0.176857 
-4.159981 0.176209 
-4.149981 0.175479 
-4.139980 0.174664 
-4.129980 0.173764 
-4.119980 0.172778 
-4.109980 0.171705 
-4.099979 0.170544 
-4.089979 0.169294 
-4.079979 0.167954 
-4.069979 0.166522 
-4.059978 0.164999 
-4.049978 0.163382 
-4.039978 0.161671 
-4.029978 0.159866 
-4.019978 0.157964 
-4.009977 0.155965 
-3.999977 0.153868 
-3.989977 0.151673 
-3.979977 0.149377 
-3.969977 0.146980 
-3.959977 0.144482 
-3.949977 0.141880 
-3.939977 0.139174 
-3.929977 0.136364 
-3.919977 0.133447 
-3.909977 0.130424 
-3.899977 0.127293 
-3.889977 0.124053 
-3.879977 0.120703 
-3.869977 0.117242 
-3.859977 0.113669 
-3.849977 0.109983 
-3.839978 0.106184 
-3.829978 0.102269 
-3.819978 0.098239 
-3.809978 0.094092 
-3.799978 0.089827 
-3.789978 0.085444 
-3.779978 0.080940 
-3.769978 0.076316 
-3.759978 0.071570 
-3.749978 0.066701 
-3.739978 0.061709 
-3.729978 0.056591 
-3.719978 0.051349 
-3.709978 0.045979 
-3.699978 0.040481 
-3.689978 0.034855 
-3.679978 0.029100 
-3.669978 0.023213 
-3.659978 0.017195 
-3.649978 0.011044 
-3.639978 0.004760 
-3.629978 -0.001659 
-3.619978 -0.008214 
-3.609978 -0.014905 
-3.599978 -0.021734 
-3.589978 -0.028702 
-3.579978 -0.035809 
-3.569978 -0.043057 
-3.559978 -0.050446 
-3.549978 -0.057978 
-3.539978 -0.065653 
-3.529978 -0.073473 
-3.519978 -0.081438 
-3.509978 -0.089550 
-3.499978 -0.097810 
-3.489978 -0.106218 
-3.479978 -0.114775 
-3.469978 -0.123483 
-3.459978 -0.132343 
-3.449978 -0.141355 
-3.439978 -0.150520 
-3.429978 -0.159840 
-3.419978 -0.169315 
-3.409978 -0.178946 
-3.399978 -0.188735 
-3.389978 -0.198683 
-3.379978 -0.208790 
-3.369978 -0.219057 
-3.359978 -0.229485 
-3.349978 -0.240076 
-3.339978 -0.250831 
-3.329978 -0.261749 
-3.319978 -0.272833 
-3.309978 -0.284083 
-3.299978 -0.295501 
-3.289978 -0.307087 
-3.279978 -0.318842 
-3.269978 -0.330768 
-3.259978 -0.342864 
-3.249978 -0.355133 
-3.239978 -0.367575 
-3.229978 -0.380192 
-3.219978 -0.392984 
-3.209978 -0.405951 
-3.199978 -0.419097 
-3.189978 -0.432420 
-3.179978 -0.445922 
-3.169978 -0.459605 
-3.159978 -0.473469 
-3.149978 -0.487515 
-3.139978 -0.501744 
-3.129978 -0.516157 
-3.119978 -0.530756 
-3.109978 -0.545540 
-3.099978 -0.560512 
-3.089978 -0.575672 
-3.079978 -0.591021 
-3.069978 -0.606560 
-3.059978 -0.622290 
-3.049978 -0.638212 
-3.039978 -0.654327 
-3.029978 -0.670636 
-3.019978 -0.687140 
-3.009978 -0.703840 
-2.999978 -0.720737 
-2.989978 -0.737833 
-2.979978 -0.755127 
-2.969978 -0.772621 
-2.959978 -0.790316 
-2.949978 -0.808213 
-2.939978 -0.826313 
-2.929978 -0.844617 
-2.919978 -0.863126 
-2.909978 -0.881841 
-2.899978 -0.900763 
-2.889978 -0.919892 
-2.879978 -0.939231 
-2.869978 -0.958779 
-2.859978 -0.978538 
-2.849978 -0.998510 
-2.839978 -1.018694 
-2.829978 -1.039091 
-2.819978 -1.059704 
-2.809978 -1.080532 
-2.799978 -1.101578 
-2.789979 -1.122841 
-2.779979 -1.144323 
-2.769979 -1.166024 
-2.759979 -1.187947 
-2.749979 -1.210091 
-2.739979 -1.232458 
-2.729979 -1.255049 
-2.719979 -1.277864 
-2.709979 -1.300905 
-2.699979 -1.324173 
-2.689979 -1.347668 
-2.679979 -1.371392 
-2.669979 -1.395346 
-2.659979 -1.419531 
-2.649979 -1.443947 
-2.639979 -1.468596 
-2.629979 -1.493478 
-2.619979 -1.518595 
-2.609979 -1.543948 
-2.599979 -1.569538 
-2.589979 -1.595364 
-2.579979 -1.621430 
-2.569979 -1.647735 
-2.559979 -1.674281 
-2.549979 -1.701068 
-2.539979 -1.728098 
-2.529979 -1.755371 
-2.519979 -1.782889 
-2.509979 -1.810652 
-2.499979 -0.038461 
-2.489979 -0.038307 
-2.479979 -0.038154 
-2.469979 -0.038000 
-2.459979 -0.037846 
-2.449979 -0.037692 
-2.439979 -0.037538 
-2.429979 -0.037384 
-2.419979 -0.037230 
-2.409979 -0.037077 
-2.399979 -0.036923 
-2.389979 -0.036769 
-2.379979 -0.036615 
-2.369979 -0.036461 
-2.359979 -0.036307 
-2.349979 -0.036154 
-2.339979 -0.036000 
-2.329979 -0.035846 
-2.319979 -0.035692 
-2.309979 -0.035538 
-2.299979 -0.035384 
-2.289979 -0.035230 
-2.279979 -0.035077 
-2.269979 -0.034923 
-2.259979 -0.034769 
-2.249979 -0.034615 
-2.239979 -0.034461 
-2.229979 -0.034307 
-2.219979 -0.034154 
-2.209979 -0.034000 
-2.199979 -0.033846 
-2.189979 -0.033692 
-2.179979 -0.033538 
-2.169979 -0.033384 
-2.159979 -0.033230 
-2.149979 -0.033077 
-2.139979 -0.032923 
-2.129979 -0.032769 
-2.119979 -0.032615 
-2.109979 -0.032461 
-2.099979 -0.032307 
-2.089979 -0.032154 
-2.079979 -0.032000 
-2.069979 -0.031846 
-2.059979 -0.031692 
-2.049979 -0.031538 
-2.039979 -0.031384 
-2.029979 -0.031230 
-2.019979 -0.031077 
-2.009979 -0.030923 
-1.999979 -0.030769 
-1.989979 -0.030615 
-1.979979 -0.030461 
-1.969979 -0.030307 
-1.959979 -0.030154 
-1.949979 -0.030000 
-1.939979 -0.029846 
-1.929979 -0.029692 
-1.919979 -0.029538 
-1.909979 -0.029384 
-1.899979 -0.029230 
-1.889979 -0.029077 
-1.879979 -0.028923 
-1.869979 -0.028769 
-1.859979 -0.028615 
-1.849979 -0.028461 
-1.839979 -0.028307 
-1.829979 -0.028154 
-1.819979 -0.028000 
-1.809979 -0.027846 
-1.799979 -0.027692 
-1.789979 -0.027538 
-1.779979 -0.027384 
-1.769979 -0.027230 
-1.759979 -0.027077 
-1.749979 -0.026923 
-1.739980 -0.026769 
-1.729980 -0.026615 
-1.719980 -0.026461 
-1.709980 -0.026307 
-1.699980 -0.026154 
-1.689980 -0.026000 
-1.679980 -0.025846 
-1.669980 -0.025692 
-1.659980 -0.025538 
-1.649980 -0.025384 
-1.639980 -0.025230 
-1.629980 -0.025077 
-1.619980 -0.024923 
-1.609980 -0.024769 
-1.599980 -0.024615 
-1.589980 -0.024461 
-1.579980 -0.024307 
-1.569980 -0.024154 
-1.559980 -0.024000 
-1.549980 -0.023846 
-1.539980 -0.023692 
-1.529980 -0.023538 
-1.519980 -0.023384 
-1.509980 -0.023230 
-1.499980 -0.023077 
-1.489980 -0.022923 
-1.479980 -0.022769 
-1.469980 -0.022615 
-1.459980 -0.022461 
-1.449980 -0.022307 
-1.439980 -0.022154 
-1.429980 -0.022000 
-1.419980 -0.021846 
-1.409980 -0.021692 
-1.399980 -0.021538 
-1.389980 -0.021384 
-1.379980 -0.021230 
-1.369980 -0.021077 
-1.359980 -0.020923 
-1.349980 -0.020769 
-1.339980 -0.020615 
-1.329980 -0.020461 
-1.319980 -0.020307 
-1.309980 -0.020154 
-1.299980 -0.020000 
-1.289980 -0.019846 
-1.279980 -0.019692 
-1.269980 -0.019538 
-1.259980 -0.019384 
-1.249980 -0.019230 
-1.239980 -0.019077 
-1.229980 -0.018923 
-1.219980 -0.018769 
-1.209980 -0.018615 
-1.199980 -0.018461 
-1.189980 -0.018307 
-1.179980 -0.018154 
-1.169980 -0.018000 
-1.159980 -0.017846 
-1.149980 -0.017692 
-1.139980 -0.017538 
-1.129980 -0.017384 
-1.119980 -0.017230 
-1.109980 -0.017077 
-1.099980 -0.016923 
-1.089980 -0.016769 
-1.079980 -0.016615 
-1.069980 -0.016461 
-1.059980 -0.016307 
-1.049980 -0.016154 
-1.039980 -0.016000 
-1.029980 -0.015846 
-1.019980 -0.015692 
-1.009980 -0.015538 
-0.999980 -0.015384 
-0.989980 -0.015230 
-0.979980 -0.015077 
-0.969980 -0.014923 
-0.959980 -0.014769 
-0.949980 -0.014615 
-0.939980 -0.014461 
-0.929980 -0.014307 
-0.919980 -0.014154 
-0.909980 -0.014000 
-0.899980 -0.013846 
-0.889980 -0.013692 
-0.879980 -0.013538 
-0.869980 -0.013384 
-0.859980 -0.013230 
-0.849980 -0.013077 
-0.839980 -0.012923 
-0.829980 -0.012769 
-0.819980 -0.012615 
-0.809980 -0.012461 
-0.799980 -0.012307 
-0.789980 -0.012154 
-0.779980 -0.012000 
-0.769980 -0.011846 
-0.759980 -0.011692 
-0.749980 -0.011538 
-0.739980 -0.011384 
-0.729980 -0.011230 
-0.719980 -0.011077 
-0.709980 -0.010923 
-0.699980 -0.010769 
-0.689981 -0.010615 
-0.679981 -0.010461 
-0.669981 -0.010307 
-0.659981 -0.010154 
-0.649981 -0.010000 
-0.639981 -0.009846 
-0.629981 -0.009692 
-0.619981 -0.009538 
-0.609981 -0.009384 
-0.599981 -0.009230 
-0.589981 -0.009077 
-0.579981 -0.008923 
-0.569981 -0.008769 
-0.559981 -0.008615 
-0.549981 -0.008461 
-0.539981 -0.008307 
-0.529981 -0.008154 
-0.519981 -0.008000 
-0.509981 -0.007846 
-0.499981 -0.007692 
-0.489981 -0.007538 
-0.479981 -0.007384 
-0.469981 -0.007230 
-0.459981 -0.007077 
-0.449981 -0.006923 
-0.439981 -0.006769 
-0.429981 -0.006615 
-0.419981 -0.006461 
-0.409981 -0.006307 
-0.399981 -0.006154 
-0.389981 -0.006000 
-0.379981 -0.005846 
-0.369981 -0.005692 
-0.359981 -0.005538 
-0.349981 -0.005384 
-0.339981 -0.005230 
-0.329981 -0.005077 
-0.319981 -0.004923 
-0.309981 -0.004769 
-0.299981 -0.004615 
-0.289981 -0.004461 
-0.279981 -0.004307 
-0.269981 -0.004154 
-0.259981 -0.004000 
-0.249981 -0.003846 
-0.239981 -0.003692 
-0.229981 -0.003538 
-0.219981 -0.003384 
-0.209981 -0.003230 
-0.199981 -0.003077 
-0.189981 -0.002923 
-0.179981 -0.002769 
-0.169981 -0.002615 
-0.159981 -0.002461 
-0.149981 -0.002307 
-0.139981 -0.002154 
-0.129981 -0.002000 
-0.119981 -0.001846 
-0.109981 -0.001692 
-0.099981 -0.001538 
-0.089981 -0.001384 
-0.079981 -0.001230 
-0.069981 -0.001077 
-0.059981 -0.000923 
-0.049981 -0.000769 
-0.039981 -0.000615 
-0.029981 -0.000461 
-0.019981 -0.000307 
-0.009981 -0.000154 
0.000019 0.000000 
0.010019 0.000154 
0.020019 0.000308 
0.030019 0.000462 
0.040019 0.000616 
0.050019 0.000770 
0.060019 0.000923 
0.070019 0.001077 
0.080019 0.001231 
0.090019 0.001385 
0.100019 0.001539 
0.110019 0.001693 
0.120019 0.001846 
0.130019 0.002000 
0.140019 0.002154 
0.150019 0.002308 
0.160019 0.002462 
0.170019 0.002616 
0.180019 0.002770 
0.190019 0.002923 
0.200019 0.003077 
0.210019 0.003231 
0.220019 0.003385 
0.230019 0.003539 
0.240019 0.003693 
0.250019 0.003846 
0.260019 0.004000 
0.270019 0.004154 
0.280019 0.004308 
0.290019 0.004462 
0.300019 0.004616 
0.310019 0.004770 
0.320019 0.004923 
0.330019 0.005077 
0.340019 0.005231 
0.350019 0.005385 
0.360019 0.005539 
0.370019 0.005693 
0.380019 0.005846 
0.390019 0.006000 
0.400019 0.006154 
0.410019 0.006308 
0.420019 0.006462 
0.430019 0.006616 
0.440019 0.006770 
0.450019 0.006923 
0.460019 0.007077 
0.470019 0.007231 
0.480019 0.007385 
0.490019 0.007539 
0.500019 0.007693 
0.510019 0.007846 
0.520019 0.008000 
0.530019 0.008154 
0.540019 0.008308 
0.550019 0.008462 
0.560019 0.008616 
0.570019 0.008770 
0.580019 0.008923 
0.590019 0.009077 
0.600019 0.009231 
0.610019 0.009385 
0.620019 0.009539 
0.630019 0.009693 
0.640019 0.009846 
0.650019 0.010000 
0.660019 0.010154 
0.670019 0.010308 
0.680019 0.010462 
0.690019 0.010616 
0.700019 0.010770 
0.710019 0.010923 
0.720019 0.011077 
0.730019 0.011231 
0.740019 0.011385 
0.750019 0.011539 
0.760019 0.011693 
0.770019 0.011846 
0.780019 0.012000 
0.790019 0.012154 
0.800019 0.012308 
0.810019 0.012462 
0.820019 0.012616 
0.830019 0.012770 
0.840019 0.012923 
0.850019 0.013077 
0.860019 0.013231 
0.870019 0.013385 
0.880019 0.013539 
0.890019 0.013693 
0.900019 0.013846 
0.910019 0.014000 
0.920019 0.014154 
0.930019 0.014308 
0.940019 0.014462 
0.950019 0.014616 
0.960019 0.014770 
0.970019 0.014923 
0.980018 0.015077 
0.990018 0.015231 
1.000018 0.015385 
1.010018 0.015539 
1.020018 0.015693 
1.030018 0.015846 
1.040018 0.016000 
1.050018 0.016154 
1.060018 0.016308 
1.070018 0.016462 
1.080018 0.016616 
1.090018 0.016770 
1.100018 0.016923 
1.110018 0.017077 
1.120018 0.017231 
1.130018 0.017385 
1.140018 0.017539 
1.150018 0.017693 
1.160018 0.017846 
1.170018 0.018000 
1.180018 0.018154 
1.190018 0.018308 
1.200018 0.018462 
1.210018 0.018616 
1.220018 0.018770 
1.230018 0.018923 
1.240018 0.019077 
1.250018 0.019231 
1.260018 0.019385 
1.270018 0.019539 
1.280018 0.019693 
1.290018 0.019846 
1.300018 0.020000 
1.310018 0.020154 
1.320018 0.020308 
1.330018 0.020462 
1.340018 0.020616 
1.350018 0.020770 
1.360018 0.020923 
1.370018 0.021077 
1.380018 0.021231 
1.390018 0.021385 
1.400018 0.021539 
1.410018 0.021693 
1.420018 0.021846 
1.430018 0.022000 
1.440018 0.022154 
1.450018 0.022308 
1.460018 0.022462 
1.470018 0.022616 
1.480018 0.022770 
1.490018 0.022923 
1.500018 0.023077 
1.510018 0.023231 
1.520018 0.023385 
1.530018 0.023539 
1.540018 0.023693 
1.550018 0.023846 
1.560018 0.024000 
1.570018 0.024154 
1.580018 0.024308 
1.590018 0.024462 
1.600018 0.024616 
1.610018 0.024770 
1.620018 0.024923 
1.630018 0.025077 
1.640018 0.025231 
1.650018 0.025385 
1.660018 0.025539 
1.670018 0.025693 
1.680018 0.025846 
1.690018 0.026000 
1.700018 0.026154 
1.710018 0.026308 
1.720018 0.026462 
1.730018 0.026616 
1.740018 0.026770 
1.750018 0.026923 
1.760018 0.027077 
1.770018 0.027231 
1.780018 0.027385 
1.790018 0.027539 
1.800018 0.027693 
1.810018 0.027846 
1.820018 0.028000 
1.830018 0.028154 
1.840018 0.028308 
1.850018 0.028462 
1.860018 0.028616 
1.870018 0.028770 
1.880018 0.028923 
1.890018 0.029077 
1.900018 0.029231 
1.910018 0.029385 
1.920018 0.029539 
1.930018 0.029693 
1.940018 0.029846 
1.950018 0.030000 
1.960018 0.030154 
1.970018 0.030308 
1.980018 0.030462 
1.990018 0.030616 
2.000018 0.030770 
2.010018 0.030923 
2.020018 0.031077 
2.030018 0.031231 
2.040018 0.031385 
2.050018 0.031539 
2.060018 0.031693 
2.070018 0.031846 
2.080018 0.032000 
2.090018 0.032154 
2.100018 0.032308 
2.110018 0.032462 
2.120018 0.032616 
2.130018 0.032770 
2.140018 0.032923 
2.150017 0.033077 
2.160017 0.033231 
2.170017 0.033385 
2.180017 0.033539 
2.190017 0.033693 
2.200017 0.033846 
2.210017 0.034000 
2.220017 0.034154 
2.230017 0.034308 
2.240017 0.034462 
2.250017 0.034616 
2.260017 0.034770 
2.270017 0.034923 
2.280017 0.035077 
2.290017 0.035231 
2.300017 0.035385 
2.310017 0.035539 
2.320017 0.035693 
2.330017 0.035846 
2.340017 0.036000 
2.350017 0.036154 
2.360017 0.036308 
2.370017 0.036462 
2.380017 0.036616 
2.390017 0.036769 
2.400017 0.036923 
2.410017 0.037077 
2.420017 0.037231 
2.430017 0.037385 
2.440017 0.037539 
2.450017 0.037693 
2.460017 0.037846 
2.470017 0.038000 
2.480017 0.038154 
2.490017 0.038308 
2.500017 0.038462 
2.510017 0.038616 
2.520017 0.038769 
2.530017 0.038923 
2.540017 0.039077 
2.550017 0.039231 
2.560017 0.039385 
2.570017 0.039539 
2.580017 0.039693 
2.590017 0.039846 
2.600017 0.040000 
2.610017 0.040154 
2.620017 0.040308 
2.630017 0.040462 
2.640017 0.040616 
2.650017 0.040769 
2.660017 0.040923 
2.670017 0.041077 
2.680017 0.041231 
2.690017 0.041385 
2.700017 0.041539 
2.710017 0.041693 
2.720017 0.041846 
2.730017 0.042000 
2.740017 0.042154 
2.750017 0.042308 
2.760017 0.042462 
2.770017 0.042616 
2.780017 0.042769 
2.790017 0.042923 
2.800017 0.043077 
2.810017 0.043231 
2.820017 0.043385 
2.830017 0.043539 
2.840017 0.043693 
2.850017 0.043846 
2.860017 0.044000 
2.870017 0.044154 
2.880017 0.044308 
2.890017 0.044462 
2.900017 0.044616 
2.910017 0.044769 
2.920017 0.044923 
2.930017 0.045077 
2.940017 0.045231 
2.950017 0.045385 
2.960017 0.045539 
2.970017 0.045693 
2.980017 0.045846 
2.990017 0.046000 
3.000017 0.046154 
3.010017 0.046308 
3.020017 0.046462 
3.030017 0.046616 
3.040017 0.046769 
3.050017 0.046923 
3.060017 0.047077 
3.070017 0.047231 
3.080017 0.047385 
3.090017 0.047539 
3.100017 0.047693 
3.110017 0.047846 
3.120017 0.048000 
3.130017 0.048154 
3.140017 0.048308 
3.150017 0.048462 
3.160017 0.048616 
3.170017 0.048769 
3.180017 0.048923 
3.190017 0.049077 
3.200016 0.049231 
3.210016 0.049385 
3.220016 0.049539 
3.230016 0.049693 
3.240016 0.049846 
3.250016 0.050000 
3.260016 0.050154 
3.270016 0.050308 
3.280016 0.050462 
3.290016 0.050616 
3.300016 0.050769 
3.310016 0.050923 
3.320016 0.051077 
3.330016 0.051231 
3.340016 0.051385 
3.350016 0.051539 
3.360016 0.051693 
3.370016 0.051846 
3.380016 0.052000 
3.390016 0.052154 
3.400016 0.052308 
3.410016 0.052462 
3.420016 0.052616 
3.430016 0.052769 
3.440016 0.052923 
3.450016 0.053077 
3.460016 0.053231 
3.470016 0.053385 
3.480016 0.053539 
3.490016 0.053693 
3.500016 0.053846 
3.510016 0.054000 
3.520016 0.054154 
3.530016 0.054308 
3.540016 0.054462 
3.550016 0.054616 
3.560016 0.054769 
3.570016 0.054923 
3.580016 0.055077 
3.590016 0.055231 
3.600016 0.055385 
3.610016 0.055539 
3.620016 0.055693 
3.630016 0.055846 
3.640016 0.056000 
3.650016 0.056154 
3.660016 0.056308 
3.670016 0.056462 
3.680016 0.056616 
3.690016 0.056769 
3.700016 0.056923 
3.710016 0.057077 
3.720016 0.057231 
3.730016 0.057385 
3.740016 0.057539 
3.750016 0.057693 
3.760016 0.057846 
3.770016 0.058000 
3.780016 0.058154 
3.790016 0.058308 
3.800016 0.058462 
3.810016 0.058616 
3.820016 0.058769 
3.830016 0.058923 
3.840016 0.059077 
3.850016 0.059231 
3.860016 0.059385 
3.870016 0.059539 
3.880016 0.059693 
3.890016 0.059846 
3.900016 0.060000 
3.910016 0.060154 
3.920016 0.060308 
3.930016 0.060462 
3.940016 0.060616 
3.950016 0.060769 
3.960016 0.060923 
3.970016 0.061077 
3.980016 0.061231 
3.990016 0.061385 
4.000016 0.061539 
4.010016 0.061693 
4.020016 0.061846 
4.030016 0.062000 
4.040017 0.062154 
4.050017 0.062308 
4.060017 0.062462 
4.070017 0.062616 
4.080018 0.062770 
4.090018 0.062923 
4.100018 0.063077 
4.110018 0.063231 
4.120018 0.063385 
4.130019 0.063539 
4.140019 0.063693 
4.150019 0.063846 
4.160019 0.064000 
4.170020 0.064154 
4.180020 0.064308 
4.190020 0.064462 
4.200020 0.064616 
4.210021 0.064770 
4.220021 0.064923 
4.230021 0.065077 
4.240021 0.065231 
4.250021 0.065385 
4.260022 0.065539 
4.270022 0.065693 
4.280022 0.065846 
4.290022 0.066000 
4.300023 0.066154 
4.310023 0.066308 
4.320023 0.066462 
4.330023 0.066616 
4.340024 0.066770 
4.350024 0.066923 
4.360024 0.067077 
4.370024 0.067231 
4.380024 0.067385 
4.390025 0.067539 
4.400025 0.067693 
4.410025 0.067847 
4.420025 0.068000 
4.430026 0.068154 
4.440026 0.068308 
4.450026 0.068462 
4.460026 0.068616 
4.470026 0.068770 
4.480027 0.068923 
4.490027 0.069077 
4.500027 0.069231 
4.510027 0.069385 
4.520028 0.069539 
4.530028 0.069693 
4.540028 0.069847 
4.550028 0.070000 
4.560029 0.070154 
4.570029 0.070308 
4.580029 0.070462 
4.590029 0.070616 
4.600029 0.070770 
4.610030 0.070924 
4.620030 0.071077 
4.630030 0.071231 
4.640030 0.071385 
4.650031 0.071539 
4.660031 0.071693 
4.670031 0.071847 
4.680031 0.072000 
4.690032 0.072154 
4.700032 0.072308 
4.710032 0.072462 
4.720032 0.072616 
4.730032 0.072770 
4.740033 0.072924 
4.750033 0.073077 
4.760033 0.073231 
4.770033 0.073385 
4.780034 0.073539 
4.790034 0.073693 
4.800034 0.073847 
4.810034 0.074001 
4.820035 0.074154 
4.830035 0.074308 
4.840035 0.074462 
4.850035 0.074616 
4.860035 0.074770 
4.870036 0.074924 
4.880036 0.075077 
4.890036 0.075231 
4.900036 0.075385 
4.910037 0.075539 
4.920037 0.075693 
4.930037 0.075847 
4.940037 0.076001 
4.950037 0.076154 
4.960038 0.076308 
4.970038 0.076462 
4.980038 0.076616 
4.990038 0.076770 


-5.000000 0.038462 
-4.990000 0.037802 
-4.980000 0.037144 
-4.969999 0.036486 
-4.959999 0.035830 
-4.949999 0.035175 
-4.939999 0.034524 
-4.929998 0.033875 
-4.919998 0.033230 
-4.909998 0.032588 
-4.899998 0.031951 
-4.889997 0.031319 
-4.879997 0.030693 
-4.869997 0.030072 
-4.859997 0.029458 
-4.849997 0.028851 
-4.839996 0.028251 
-4.829996 0.027660 
-4.819996 0.027076 
-4.809996 0.026502 
-4.799995 0.025937 
-4.789995 0.025382 
-4.779995 0.024837 
-4.769995 0.024303 
-4.759995 0.023781 
-4.749994 0.023270 
-4.739994 0.022772 
-4.729994 0.022287 
-4.719994 0.021815 
-4.709993 0.021357 
-4.699993 0.020913 
-4.689993 0.020484 
-4.679993 0.020071 
-4.669992 0.019673 
-4.659992 0.019292 
-4.649992 0.018928 
-4.639992 0.018581 
-4.629992 0.018252 
-4.619991 0.017941 
-4.609991 0.017649 
-4.599991 0.017376 
-4.589991 0.017124 
-4.579990 0.016891 
-4.569990 0.016679 
-4.559990 0.016489 
-4.549990 0.016320 
-4.539989 0.016174 
-4.529989 0.016051 
-4.519989 0.015950 
-4.509989 0.015874 
-4.499989 0.015822 
-4.489988 0.015794 
-4.479988 0.015792 
-4.469988 0.015816 
-4.459988 0.015866 
-4.449987 0.015943 
-4.439987 0.016047 
-4.429987 0.016179 
-4.419987 0.016339 
-4.409986 0.016527 
-4.399986 0.016745 
-4.389986 0.016993 
-4.379986 0.017271 
-4.369986 0.017580 
-4.359985 0.017919 
-4.349985 0.018291 
-4.339985 0.018695 
-4.329985 0.019131 
-4.319984 0.019601 
-4.309984 0.020104 
-4.299984 0.020642 
-4.289984 0.021214 
-4.279984 0.021822 
-4.269983 0.022465 
-4.259983 0.023144 
-4.249983 0.023860 
-4.239983 0.024614 
-4.229982 0.025404 
-4.219982 0.026233 
-4.209982 0.027101 
-4.199982 0.028008 
-4.189981 0.028954 
-4.179981 0.029941 
-4.169981 0.030968 
-4.159981 0.032037 
-4.149981 0.033147 
-4.139980 0.034299 
-4.129980 0.035493 
-4.119980 0.036731 
-4.109980 0.038013 
-4.099979 0.039338 
-4.089979 0.040709 
-4.079979 0.042124 
-4.069979 0.043585 
-4.059978 0.045092 
-4.049978 0.046645 
-4.039978 0.048246 
-4.029978 0.049894 
-4.019978 0.051590 
-4.009977 0.053335 
-3.999977 0.055129 
-3.989977 0.056972 
-3.979977 0.058866 
-3.969977 0.060810 
-3.959977 0.062805 
-3.949977 0.064851 
-3.939977 0.066950 
-3.929977 0.069101 
-3.919977 0.071305 
-3.909977 0.073563 
-3.899977 0.075875 
-3.889977 0.078241 
-3.879977 0.080662 
-3.869977 0.083139 
-3.859977 0.085672 
-3.849977 0.088261 
-3.839978 0.090907 
-3.829978 0.093611 
-3.819978 0.096372 
-3.809978 0.099192 
-3.799978 0.102072 
-3.789978 0.105010 
-3.779978 0.108009 
-3.769978 0.111068 
-3.759978 0.114188 
-3.749978 0.117369 
-3.739978 0.120612 
-3.729978 0.123918 
-3.719978 0.127287 
-3.709978 0.130719 
-3.699978 0.134215 
-3.689978 0.137775 
-3.679978 0.141401 
-3.669978 0.145092 
-3.659978 0.148848 
-3.649978 0.152672 
-3.639978 0.156562 
-3.629978 0.160519 
-3.619978 0.164544 
-3.609978 0.168638 
-3.599978 0.172801 
-3.589978 0.177032 
-3.579978 0.181334 
-3.569978 -0.096115 
-3.559978 -0.095846 
-3.549978 -0.095576 
-3.539978 -0.095307 
-3.529978 -0.095038 
-3.519978 -0.094769 
-3.509978 -0.094499 
-3.499978 -0.094230 
-3.489978 -0.093961 
-3.479978 -0.093692 
-3.469978 -0.093422 
-3.459978 -0.093153 
-3.449978 -0.092884 
-3.439978 -0.092615 
-3.429978 -0.092346 
-3.419978 -0.092076 
-3.409978 -0.091807 
-3.399978 -0.091538 
-3.389978 -0.091269 
-3.379978 -0.090999 
-3.369978 -0.090730 
-3.359978 -0.090461 
-3.349978 -0.090192 
-3.339978 -0.089922 
-3.329978 -0.089653 
-3.319978 -0.089384 
-3.309978 -0.089115 
-3.299978 -0.088846 
-3.289978 -0.088576 
-3.279978 -0.088307 
-3.269978 -0.088038 
-3.259978 -0.087769 
-3.249978 -0.087499 
-3.239978 -0.087230 
-3.229978 -0.086961 
-3.219978 -0.086692 
-3.209978 -0.086422 
-3.199978 -0.086153 
-3.189978 -0.085884 
-3.179978 -0.085615 
-3.169978 -0.085346 
-3.159978 -0.085076 
-3.149978 -0.084807 
-3.139978 -0.084538 
-3.129978 -0.084269 
-3.119978 -0.083999 
-3.109978 -0.083730 
-3.099978 -0.083461 
-3.089978 -0.083192 
-3.079978 -0.082922 
-3.069978 -0.082653 
-3.059978 -0.082384 
-3.049978 -0.082115 
-3.039978 -0.081846 
-3.029978 -0.081576 
-3.019978 -0.081307 
-3.009978 -0.081038 
-2.999978 -0.080769 
-2.989978 -0.080499 
-2.979978 -0.080230 
-2.969978 -0.079961 
-2.959978 -0.079692 
-2.949978 -0.079422 
-2.939978 -0.079153 
-2.929978 -0.078884 
-2.919978 -0.078615 
-2.909978 -0.078346 
-2.899978 -0.078076 
-2.889978 -0.077807 
-2.879978 -0.077538 
-2.869978 -0.077269 
-2.859978 -0.076999 
-2.849978 -0.076730 
-2.839978 -0.076461 
-2.829978 -0.076192 
-2.819978 -0.075922 
-2.809978 -0.075653 
-2.799978 -0.075384 
-2.789979 -0.075115 
-2.779979 -0.074846 
-2.769979 -0.074576 
-2.759979 -0.074307 
-2.749979 -0.074038 
-2.739979 -0.073769 
-2.729979 -0.073499 
-2.719979 -0.073230 
-2.709979 -0.072961 
-2.699979 -0.072692 
-2.689979 -0.072423 
-2.679979 -0.072153 
-2.669979 -0.071884 
-2.659979 -0.071615 
-2.649979 -0.071346 
-2.639979 -0.071076 
-2.629979 -0.070807 
-2.619979 -0.070538 
-2.609979 -0.070269 
-2.599979 -0.069999 
-2.589979 -0.069730 
-2.579979 -0.069461 
-2.569979 -0.069192 
-2.559979 -0.068923 
-2.549979 -0.068653 
-2.539979 -0.068384 
-2.529979 -0.068115 
-2.519979 -0.067846 
-2.509979 -0.067576 
-2.499979 -0.067307 
-2.489979 -0.067038 
-2.479979 -0.066769 
-2.469979 -0.066499 
-2.459979 -0.066230 
-2.449979 -0.065961 
-2.439979 -0.065692 
-2.429979 -0.065423 
-2.419979 -0.065153 
-2.409979 -0.064884 
-2.399979 -0.064615 
-2.389979 -0.064346 
-2.379979 -0.064076 
-2.369979 -0.063807 
-2.359979 -0.063538 
-2.349979 -0.063269 
-2.339979 -0.062999 
-2.329979 -0.062730 
-2.319979 -0.062461 
-2.309979 -0.062192 
-2.299979 -0.061923 
-2.289979 -0.061653 
-2.279979 -0.061384 
-2.269979 -0.061115 
-2.259979 -0.060846 
-2.249979 -0.060576 
-2.239979 -0.060307 
-2.229979 -0.060038 
-2.219979 -0.059769 
-2.209979 -0.059499 
-2.199979 -0.059230 
-2.189979 -0.058961 
-2.179979 -0.058692 
-2.169979 -0.058423 
-2.159979 -0.058153 
-2.149979 -0.057884 
-2.139979 -0.057615 
-2.129979 -0.057346 
-2.119979 -0.057076 
-2.109979 -0.056807 
-2.099979 -0.056538 
-2.089979 -0.056269 
-2.079979 -0.055999 
-2.069979 -0.055730 
-2.059979 -0.055461 
-2.049979 -0.055192 
-2.039979 -0.054923 
-2.029979 -0.054653 
-2.019979 -0.054384 
-2.009979 -0.054115 
-1.999979 -0.053846 
-1.989979 -0.053576 
-1.979979 -0.053307 
-1.969979 -0.053038 
-1.959979 -0.052769 
-1.949979 -0.052499 
-1.939979 -0.052230 
-1.929979 -0.051961 
-1.919979 -0.051692 
-1.909979 -0.051423 
-1.899979 -0.051153 
-1.889979 -0.050884 
-1.879979 -0.050615 
-1.869979 -0.050346 
-1.859979 -0.050076 
-1.849979 -0.049807 
-1.839979 -0.049538 
-1.829979 -0.049269 
-1.819979 -0.048999 
-1.809979 -0.048730 
-1.799979 -0.048461 
-1.789979 -0.048192 
-1.779979 -0.047923 
-1.769979 -0.047653 
-1.759979 -0.047384 
-1.749979 -0.047115 
-1.739980 -0.046846 
-1.729980 -0.046576 
-1.719980 -0.046307 
-1.709980 -0.046038 
-1.699980 -0.045769 
-1.689980 -0.045499 
-1.679980 -0.045230 
-1.669980 -0.044961 
-1.659980 -0.044692 
-1.649980 -0.044423 
-1.639980 -0.044153 
-1.629980 -0.043884 
-1.619980 -0.043615 
-1.609980 -0.043346 
-1.599980 -0.043076 
-1.589980 -0.042807 
-1.579980 -0.042538 
-1.569980 -0.042269 
-1.559980 -0.041999 
-1.549980 -0.041730 
-1.539980 -0.041461 
-1.529980 -0.041192 
-1.519980 -0.040923 
-1.509980 -0.040653 
-1.499980 -0.040384 
-1.489980 -0.040115 
-1.479980 -0.039846 
-1.469980 -0.039576 
-1.459980 -0.039307 
-1.449980 -0.039038 
-1.439980 -0.038769 
-1.429980 -0.038499 
-1.419980 -0.038230 
-1.409980 -0.037961 
-1.399980 -0.037692 
-1.389980 -0.037423 
-1.379980 -0.037153 
-1.369980 -0.036884 
-1.359980 -0.036615 
-1.349980 -0.036346 
-1.339980 -0.036076 
-1.329980 -0.035807 
-1.319980 -0.035538 
-1.309980 -0.035269 
-1.299980 -0.034999 
-1.289980 -0.034730 
-1.279980 -0.034461 
-1.269980 -0.034192 
-1.259980 -0.033923 
-1.249980 -0.033653 
-1.239980 -0.033384 
-1.229980 -0.033115 
-1.219980 -0.032846 
-1.209980 -0.032576 
-1.199980 -0.032307 
-1.189980 -0.032038 
-1.179980 -0.031769 
-1.169980 -0.031499 
-1.159980 -0.031230 
-1.149980 -0.030961 
-1.139980 -0.030692 
-1.129980 -0.030423 
-1.119980 -0.030153 
-1.109980 -0.029884 
-1.099980 -0.029615 
-1.089980 -0.029346 
-1.079980 -0.029076 
-1.069980 -0.028807 
-1.059980 -0.028538 
-1.049980 -0.028269 
-1.039980 -0.027999 
-1.029980 -0.027730 
-1.019980 -0.027461 
-1.009980 -0.027192 
-0.999980 -0.026923 
-0.989980 -0.026653 
-0.979980 -0.026384 
-0.969980 -0.026115 
-0.959980 -0.025846 
-0.949980 -0.025576 
-0.939980 -0.025307 
-0.929980 -0.025038 
-0.919980 -0.024769 
-0.909980 -0.024499 
-0.899980 -0.024230 
-0.889980 -0.023961 
-0.879980 -0.023692 
-0.869980 -0.023423 
-0.859980 -0.023153 
-0.849980 -0.022884 
-0.839980 -0.022615 
-0.829980 -0.022346 
-0.819980 -0.022076 
-0.809980 -0.021807 
-0.799980 -0.021538 
-0.789980 -0.021269 
-0.779980 -0.020999 
-0.769980 -0.020730 
-0.759980 -0.020461 
-0.749980 -0.020192 
-0.739980 -0.019923 
-0.729980 -0.019653 
-0.719980 -0.019384 
-0.709980 -0.019115 
-0.699980 -0.018846 
-0.689981 -0.018576 
-0.679981 -0.018307 
-0.669981 -0.018038 
-0.659981 -0.017769 
-0.649981 -0.017499 
-0.639981 -0.017230 
-0.629981 -0.016961 
-0.619981 -0.016692 
-0.609981 -0.016423 
-0.599981 -0.016153 
-0.589981 -0.015884 
-0.579981 -0.015615 
-0.569981 -0.015346 
-0.559981 -0.015076 
-0.549981 -0.014807 
-0.539981 -0.014538 
-0.529981 -0.014269 
-0.519981 -0.013999 
-0.509981 -0.013730 
-0.499981 -0.013461 
-0.489981 -0.013192 
-0.479981 -0.012923 
-0.469981 -0.012653 
-0.459981 -0.012384 
-0.449981 -0.012115 
-0.439981 -0.011846 
-0.429981 -0.011576 
-0.419981 -0.011307 
-0.409981 -0.011038 
-0.399981 -0.010769 
-0.389981 -0.010499 
-0.379981 -0.010230 
-0.369981 -0.009961 
-0.359981 -0.009692 
-0.349981 -0.009423 
-0.339981 -0.009153 
-0.329981 -0.008884 
-0.319981 -0.008615 
-0.309981 -0.008346 
-0.299981 -0.008076 
-0.289981 -0.007807 
-0.279981 -0.007538 
-0.269981 -0.007269 
-0.259981 -0.006999 
-0.249981 -0.006730 
-0.239981 -0.006461 
-0.229981 -0.006192 
-0.219981 -0.005923 
-0.209981 -0.005653 
-0.199981 -0.005384 
-0.189981 -0.005115 
-0.179981 -0.004846 
-0.169981 -0.004576 
-0.159981 -0.004307 
-0.149981 -0.004038 
-0.139981 -0.003769 
-0.129981 -0.003499 
-0.119981 -0.003230 
-0.109981 -0.002961 
-0.099981 -0.002692 
-0.089981 -0.002423 
-0.079981 -0.002153 
-0.069981 -0.001884 
-0.059981 -0.001615 
-0.049981 -0.001346 
-0.039981 -0.001076 
-0.029981 -0.000807 
-0.019981 -0.000538 
-0.009981 -0.000269 
0.000019 0.000001 
0.010019 0.000270 
0.020019 0.000539 
0.030019 0.000808 
0.040019 0.001077 
0.050019 0.001347 
0.060019 0.001616 
0.070019 0.001885 
0.080019 0.002154 
0.090019 0.002424 
0.100019 0.002693 
0.110019 0.002962 
0.120019 0.003231 
0.130019 0.003501 
0.140019 0.003770 
0.150019 0.004039 
0.160019 0.004308 
0.170019 0.004577 
0.180019 0.004847 
0.190019 0.005116 
0.200019 0.005385 
0.210019 0.005654 
0.220019 0.005924 
0.230019 0.006193 
0.240019 0.006462 
0.250019 0.006731 
0.260019 0.007001 
0.270019 0.007270 
0.280019 0.007539 
0.290019 0.007808 
0.300019 0.008077 
0.310019 0.008347 
0.320019 0.008616 
0.330019 0.008885 
0.340019 0.009154 
0.350019 0.009424 
0.360019 0.009693 
0.370019 0.009962 
0.380019 0.010231 
0.390019 0.010501 
0.400019 0.010770 
0.410019 0.011039 
0.420019 0.011308 
0.430019 0.011577 
0.440019 0.011847 
0.450019 0.012116 
0.460019 0.012385 
0.470019 0.012654 
0.480019 0.012924 
0.490019 0.013193 
0.500019 0.013462 
0.510019 0.013731 
0.520019 0.014001 
0.530019 0.014270 
0.540019 0.014539 
0.550019 0.014808 
0.560019 0.015077 
0.570019 0.015347 
0.580019 0.015616 
0.590019 0.015885 
0.600019 0.016154 
0.610019 0.016424 
0.620019 0.016693 
0.630019 0.016962 
0.640019 0.017231 
0.650019 0.017501 
0.660019 0.017770 
0.670019 0.018039 
0.680019 0.018308 
0.690019 0.018577 
0.700019 0.018847 
0.710019 0.019116 
0.720019 0.019385 
0.730019 0.019654 
0.740019 0.019924 
0.750019 0.020193 
0.760019 0.020462 
0.770019 0.020731 
0.780019 0.021001 
0.790019 0.021270 
0.800019 0.021539 
0.810019 0.021808 
0.820019 0.022077 
0.830019 0.022347 
0.840019 0.022616 
0.850019 0.022885 
0.860019 0.023154 
0.870019 0.023424 
0.880019 0.023693 
0.890019 0.023962 
0.900019 0.024231 
0.910019 0.024501 
0.920019 0.024770 
0.930019 0.025039 
0.940019 0.025308 
0.950019 0.025577 
0.960019 0.025847 
0.970019 0.026116 
0.980018 0.026385 
0.990018 0.026654 
1.000018 0.026924 
1.010018 0.027193 
1.020018 0.027462 
1.030018 0.027731 
1.040018 0.028000 
1.050018 0.028270 
1.060018 0.028539 
1.070018 0.028808 
1.080018 0.029077 
1.090018 0.029347 
1.100018 0.029616 
1.110018 0.029885 
1.120018 0.030154 
1.130018 0.030424 
1.140018 0.030693 
1.150018 0.030962 
1.160018 0.031231 
1.170018 0.031500 
1.180018 0.031770 
1.190018 0.032039 
1.200018 0.032308 
1.210018 0.032577 
1.220018 0.032847 
1.230018 0.033116 
1.240018 0.033385 
1.250018 0.033654 
1.260018 0.033924 
1.270018 0.034193 
1.280018 0.034462 
1.290018 0.034731 
1.300018 0.035000 
1.310018 0.035270 
1.320018 0.035539 
1.330018 0.035808 
1.340018 0.036077 
1.350018 0.036347 
1.360018 0.036616 
1.370018 0.036885 
1.380018 0.037154 
1.390018 0.037424 
1.400018 0.037693 
1.410018 0.037962 
1.420018 0.038231 
1.430018 0.038500 
1.440018 0.038770 
1.450018 0.039039 
1.460018 0.039308 
1.470018 0.039577 
1.480018 0.039847 
1.490018 0.040116 
1.500018 0.040385 
1.510018 0.040654 
1.520018 0.040924 
1.530018 0.041193 
1.540018 0.041462 
1.550018 0.041731 
1.560018 0.042000 
1.570018 0.042270 
1.580018 0.042539 
1.590018 0.042808 
1.600018 0.043077 
1.610018 0.043347 
1.620018 0.043616 
1.630018 0.043885 
1.640018 0.044154 
1.650018 0.044424 
1.660018 0.044693 
1.670018 0.044962 
1.680018 0.045231 
1.690018 0.045500 
1.700018 0.045770 
1.710018 0.046039 
1.720018 0.046308 
1.730018 0.046577 
1.740018 0.046847 
1.750018 0.047116 
1.760018 0.047385 
1.770018 0.047654 
1.780018 0.047924 
1.790018 0.048193 
1.800018 0.048462 
1.810018 0.048731 
1.820018 0.049000 
1.830018 0.049270 
1.840018 0.049539 
1.850018 0.049808 
1.860018 0.050077 
1.870018 0.050347 
1.880018 0.050616 
1.890018 0.050885 
1.900018 0.051154 
1.910018 0.051424 
1.920018 0.051693 
1.930018 0.051962 
1.940018 0.052231 
1.950018 0.052500 
1.960018 0.052770 
1.970018 0.053039 
1.980018 0.053308 
1.990018 0.053577 
2.000018 0.053847 
2.010018 0.054116 
2.020018 0.054385 
2.030018 0.054654 
2.040018 0.054924 
2.050018 0.055193 
2.060018 0.055462 
2.070018 0.055731 
2.080018 0.056000 
2.090018 0.056270 
2.100018 0.056539 
2.110018 0.056808 
2.120018 0.057077 
2.130018 0.057347 
2.140018 0.057616 
2.150017 0.057885 
2.160017 0.058154 
2.170017 0.058424 
2.180017 0.058693 
2.190017 0.058962 
2.200017 0.059231 
2.210017 0.059500 
2.220017 0.059770 
2.230017 0.060039 
2.240017 0.060308 
2.250017 0.060577 
2.260017 0.060847 
2.270017 0.061116 
2.280017 0.061385 
2.290017 0.061654 
2.300017 0.061924 
2.310017 0.062193 
2.320017 0.062462 
2.330017 0.062731 
2.340017 0.063000 
2.350017 0.063270 
2.360017 0.063539 
2.370017 0.063808 
2.380017 0.064077 
2.390017 0.064347 
2.400017 0.064616 
2.410017 0.064885 
2.420017 0.065154 
2.430017 0.065424 
2.440017 0.065693 
2.450017 0.065962 
2.460017 0.066231 
2.470017 0.066500 
2.480017 0.066770 
2.490017 0.067039 
2.500017 0.067308 
2.510017 0.067577 
2.520017 0.067847 
2.530017 0.068116 
2.540017 0.068385 
2.550017 0.068654 
2.560017 0.068924 
2.570017 0.069193 
2.580017 0.069462 
2.590017 0.069731 
2.600017 0.070000 
2.610017 0.070270 
2.620017 0.070539 
2.630017 0.070808 
2.640017 0.071077 
2.650017 0.071347 
2.660017 0.071616 
2.670017 0.071885 
2.680017 0.072154 
2.690017 0.072424 
2.700017 0.072693 
2.710017 0.072962 
2.720017 0.073231 
2.730017 0.073500 
2.740017 0.073770 
2.750017 0.074039 
2.760017 0.074308 
2.770017 0.074577 
2.780017 0.074847 
2.790017 0.075116 
2.800017 0.075385 
2.810017 0.075654 
2.820017 0.075924 
2.830017 0.076193 
2.840017 0.076462 
2.850017 0.076731 
2.860017 0.077000 
2.870017 0.077270 
2.880017 0.077539 
2.890017 0.077808 
2.900017 0.078077 
2.910017 0.078347 
2.920017 0.078616 
2.930017 0.078885 
2.940017 0.079154 
2.950017 0.079424 
2.960017 0.079693 
2.970017 0.079962 
2.980017 0.080231 
2.990017 0.080500 
3.000017 0.080770 
3.010017 0.081039 
3.020017 0.081308 
3.030017 0.081577 
3.040017 0.081847 
3.050017 0.082116 
3.060017 0.082385 
3.070017 0.082654 
3.080017 0.082924 
3.090017 0.083193 
3.100017 0.083462 
3.110017 0.083731 
3.120017 0.084000 
3.130017 0.084270 
3.140017 0.084539 
3.150017 0.084808 
3.160017 0.085077 
3.170017 0.085347 
3.180017 0.085616 
3.190017 0.085885 
3.200016 0.086154 
3.210016 0.086424 
3.220016 0.086693 
3.230016 0.086962 
3.240016 0.087231 
3.250016 0.087500 
3.260016 0.087770 
3.270016 0.088039 
3.280016 0.088308 
3.290016 0.088577 
3.300016 0.088847 
3.310016 0.089116 
3.320016 0.089385 
3.330016 0.089654 
3.340016 0.089924 
3.350016 0.090193 
3.360016 0.090462 
3.370016 0.090731 
3.380016 0.091000 
3.390016 0.091270 
3.400016 0.091539 
3.410016 0.091808 
3.420016 0.092077 
3.430016 0.092347 
3.440016 0.092616 
3.450016 0.092885 
3.460016 0.093154 
3.470016 0.093424 
3.480016 0.093693 
3.490016 0.093962 
3.500016 0.094231 
3.510016 0.094500 
3.520016 0.094770 
3.530016 0.095039 
3.540016 0.095308 
3.550016 0.095577 
3.560016 0.095847 
3.570016 0.096116 
3.580016 0.096385 
3.590016 0.096654 
3.600016 0.096924 
3.610016 0.097193 
3.620016 0.097462 
3.630016 0.097731 
3.640016 0.098000 
3.650016 0.098270 
3.660016 0.098539 
3.670016 0.098808 
3.680016 0.099077 
3.690016 0.099347 
3.700016 0.099616 
3.710016 0.099885 
3.720016 0.100154 
3.730016 0.100424 
3.740016 0.100693 
3.750016 0.100962 
3.760016 0.101231 
3.770016 0.101500 
3.780016 0.101770 
3.790016 0.102039 
3.800016 0.102308 
3.810016 0.102577 
3.820016 0.102847 
3.830016 0.103116 
3.840016 0.103385 
3.850016 0.103654 
3.860016 0.103924 
3.870016 0.104193 
3.880016 0.104462 
3.890016 0.104731 
3.900016 0.105000 
3.910016 0.105270 
3.920016 0.105539 
3.930016 0.105808 
3.940016 0.106077 
3.950016 0.106347 
3.960016 0.106616 
3.970016 0.106885 
3.980016 0.107154 
3.990016 0.107423 
4.000016 0.107693 
4.010016 0.107962 
4.020016 0.108231 
4.030016 0.108500 
4.040017 0.108770 
4.050017 0.109039 
4.060017 0.109308 
4.070017 0.109577 
4.080018 0.109847 
4.090018 0.110116 
4.100018 0.110385 
4.110018 0.110654 
4.120018 0.110924 
4.130019 0.111193 
4.140019 0.111462 
4.150019 0.111731 
4.160019 0.112001 
4.170020 0.112270 
4.180020 0.112539 
4.190020 0.112808 
4.200020 0.113077 
4.210021 0.113347 
4.220021 0.113616 
4.230021 0.113885 
4.240021 0.114154 
4.250021 0.114424 
4.260022 0.114693 
4.270022 0.114962 
4.280022 0.115231 
4.290022 0.115501 
4.300023 0.115770 
4.310023 0.116039 
4.320023 0.116308 
4.330023 0.116578 
4.340024 0.116847 
4.350024 0.117116 
4.360024 0.117385 
4.370024 0.117655 
4.380024 0.117924 
4.390025 0.118193 
4.400025 0.118462 
4.410025 0.118731 
4.420025 0.119001 
4.430026 0.119270 
4.440026 0.119539 
4.450026 0.119808 
4.460026 0.120078 
4.470026 0.120347 
4.480027 0.120616 
4.490027 0.120885 
4.500027 0.121155 
4.510027 0.121424 
4.520028 0.121693 
4.530028 0.121962 
4.540028 0.122232 
4.550028 0.122501 
4.560029 0.122770 
4.570029 0.123039 
4.580029 0.123308 
4.590029 0.123578 
4.600029 0.123847 
4.610030 0.124116 
4.620030 0.124385 
4.630030 0.124655 
4.640030 0.124924 
4.650031 0.125193 
4.660031 0.125462 
4.670031 0.125732 
4.680031 0.126001 
4.690032 0.126270 
4.700032 0.126539 
4.710032 0.126809 
4.720032 0.127078 
4.730032 0.127347 
4.740033 0.127616 
4.750033 0.127886 
4.760033 0.128155 
4.770033 0.128424 
4.780034 0.128693 
4.790034 0.128962 
4.800034 0.129232 
4.810034 0.129501 
4.820035 0.129770 
4.830035 0.130039 
4.840035 0.130309 
4.850035 0.130578 
4.860035 0.130847 
4.870036 0.131116 
4.880036 0.131386 
4.890036 0.131655 
4.900036 0.131924 
4.910037 0.132193 
4.920037 0.132463 
4.930037 0.132732 
4.940037 0.133001 
4.950037 0.133270 
4.960038 0.133539 
4.970038 0.133809 
4.980038 0.134078 
4.990038 0.134347 


-5.000000 0.038462 
-4.990000 0.038618 
-4.980000 0.038775 
-4.969999 0.038932 
-4.959999 0.039089 
-4.949999 0.039246 
-4.939999 0.039403 
-4.929998 0.039560 
-4.919998 0.039718 
-4.909998 0.039875 
-4.899998 0.040033 
-4.889997 0.040191 
-4.879997 0.040349 
-4.869997 0.040507 
-4.859997 0.040666 
-4.849997 0.040825 
-4.839996 0.040984 
-4.829996 0.041143 
-4.819996 0.041303 
-4.809996 0.041464 
-4.799995 0.041624 
-4.789995 0.041785 
-4.779995 0.041946 
-4.769995 0.042108 
-4.759995 0.042271 
-4.749994 0.042433 
-4.739994 0.042597 
-4.729994 0.042760 
-4.719994 0.042925 
-4.709993 0.043090 
-4.699993 0.043255 
-4.689993 0.043421 
-4.679993 0.043588 
-4.669992 0.043755 
-4.659992 0.043923 
-4.649992 0.044091 
-4.639992 0.044261 
-4.629992 0.044431 
-4.619991 0.044601 
-4.609991 0.044773 
-4.599991 0.044945 
-4.589991 0.045118 
-4.579990 0.045292 
-4.569990 0.045467 
-4.559990 0.045642 
-4.549990 0.045819 
-4.539989 0.045996 
-4.529989 0.046174 
-4.519989 0.046354 
-4.509989 0.046534 
-4.499989 -0.346153 
-4.489988 -0.345384 
-4.479988 -0.344614 
-4.469988 -0.343845 
-4.459988 -0.343076 
-4.449987 -0.342307 
-4.439987 -0.341537 
-4.429987 -0.340768 
-4.419987 -0.339999 
-4.409986 -0.339230 
-4.399986 -0.338461 
-4.389986 -0.337691 
-4.379986 -0.336922 
-4.369986 -0.336153 
-4.359985 -0.335384 
-4.349985 -0.334614 
-4.339985 -0.333845 
-4.329985 -0.333076 
-4.319984 -0.332307 
-4.309984 -0.331537 
-4.299984 -0.330768 
-4.289984 -0.329999 
-4.279984 -0.329230 
-4.269983 -0.328460 
-4.259983 -0.327691 
-4.249983 -0.326922 
-4.239983 -0.326153 
-4.229982 -0.325383 
-4.219982 -0.324614 
-4.209982 -0.323845 
-4.199982 -0.323076 
-4.189981 -0.322306 
-4.179981 -0.321537 
-4.169981 -0.320768 
-4.159981 -0.319999 
-4.149981 -0.319229 
-4.139980 -0.318460 
-4.129980 -0.317691 
-4.119980 -0.316922 
-4.109980 -0.316152 
-4.099979 -0.315383 
-4.089979 -0.314614 
-4.079979 -0.313845 
-4.069979 -0.313075 
-4.059978 -0.312306 
-4.049978 -0.311537 
-4.039978 -0.310768 
-4.029978 -0.309998 
-4.019978 -0.309229 
-4.009977 -0.308460 
-3.999977 -0.307691 
-3.989977 -0.306921 
-3.979977 -0.306152 
-3.969977 -0.305383 
-3.959977 -0.304614 
-3.949977 -0.303844 
-3.939977 -0.303075 
-3.929977 -0.302306 
-3.919977 -0.301537 
-3.909977 -0.300768 
-3.899977 -0.299998 
-3.889977 -0.299229 
-3.879977 -0.298460 
-3.869977 -0.297691 
-3.859977 -0.296921 
-3.849977 -0.296152 
-3.839978 -0.295383 
-3.829978 -0.294614 
-3.819978 -0.293844 
-3.809978 -0.293075 
-3.799978 -0.292306 
-3.789978 -0.291537 
-3.779978 -0.290768 
-3.769978 -0.289998 
-3.759978 -0.289229 
-3.749978 -0.288460 
-3.739978 -0.287691 
-3.729978 -0.286921 
-3.719978 -0.286152 
-3.709978 -0.285383 
-3.699978 -0.284614 
-3.689978 -0.283844 
-3.679978 -0.283075 
-3.669978 -0.282306 
-3.659978 -0.281537 
-3.649978 -0.280768 
-3.639978 -0.279998 
-3.629978 -0.279229 
-3.619978 -0.278460 
-3.609978 -0.277691 
-3.599978 -0.276921 
-3.589978 -0.276152 
-3.579978 -0.275383 
-3.569978 -0.274614 
-3.559978 -0.273844 
-3.549978 -0.273075 
-3.539978 -0.272306 
-3.529978 -0.271537 
-3.519978 -0.270768 
-3.509978 -0.269998 
-3.499978 -0.269229 
-3.489978 -0.268460 
-3.479978 -0.267691 
-3.469978 -0.266921 
-3.459978 -0.266152 
-3.449978 -0.265383 
-3.439978 -0.264614 
-3.429978 -0.263844 
-3.419978 -0.263075 
-3.409978 -0.262306 
-3.399978 -0.261537 
-3.389978 -0.260768 
-3.379978 -0.259998 
-3.369978 -0.259229 
-3.359978 -0.258460 
-3.349978 -0.257691 
-3.339978 -0.256921 
-3.329978 -0.256152 
-3.319978 -0.255383 
-3.309978 -0.254614 
-3.299978 -0.253844 
-3.289978 -0.253075 
-3.279978 -0.252306 
-3.269978 -0.251537 
-3.259978 -0.250768 
-3.249978 -0.249998 
-3.239978 -0.249229 
-3.229978 -0.248460 
-3.219978 -0.247691 
-3.209978 -0.246921 
-3.199978 -0.246152 
-3.189978 -0.245383 
-3.179978 -0.244614 
-3.169978 -0.243844 
-3.159978 -0.243075 
-3.149978 -0.242306 
-3.139978 -0.241537 
-3.129978 -0.240768 
-3.119978 -0.239998 
-3.109978 -0.239229 
-3.099978 -0.238460 
-3.089978 -0.237691 
-3.079978 -0.236921 
-3.069978 -0.236152 
-3.059978 -0.235383 
-3.049978 -0.234614 
-3.039978 -0.233844 
-3.029978 -0.233075 
-3.019978 -0.232306 
-3.009978 -0.231537 
-2.999978 -0.230768 
-2.989978 -0.229998 
-2.979978 -0.229229 
-2.969978 -0.228460 
-2.959978 -0.227691 
-2.949978 -0.226921 
-2.939978 -0.226152 
-2.929978 -0.225383 
-2.919978 -0.224614 
-2.909978 -0.223844 
-2.899978 -0.223075 
-2.889978 -0.222306 
-2.879978 -0.221537 
-2.869978 -0.220768 
-2.859978 -0.219998 
-2.849978 -0.219229 
-2.839978 -0.218460 
-2.829978 -0.217691 
-2.819978 -0.216921 
-2.809978 -0.216152 
-2.799978 -0.215383 
-2.789979 -0.214614 
-2.779979 -0.213845 
-2.769979 -0.213075 
-2.759979 -0.212306 
-2.749979 -0.211537 
-2.739979 -0.210768 
-2.729979 -0.209998 
-2.719979 -0.209229 
-2.709979 -0.208460 
-2.699979 -0.207691 
-2.689979 -0.206921 
-2.679979 -0.206152 
-2.669979 -0.205383 
-2.659979 -0.204614 
-2.649979 -0.203845 
-2.639979 -0.203075 
-2.629979 -0.202306 
-2.619979 -0.201537 
-2.609979 -0.200768 
-2.599979 -0.199998 
-2.589979 -0.199229 
-2.579979 -0.198460 
-2.569979 -0.197691 
-2.559979 -0.196921 
-2.549979 -0.196152 
-2.539979 -0.195383 
-2.529979 -0.194614 
-2.519979 -0.193845 
-2.509979 -0.193075 
-2.499979 -0.192306 
-2.489979 -0.191537 
-2.479979 -0.190768 
-2.469979 -0.189998 
-2.459979 -0.189229 
-2.449979 -0.188460 
-2.439979 -0.187691 
-2.429979 -0.186921 
-2.419979 -0.186152 
-2.409979 -0.185383 
-2.399979 -0.184614 
-2.389979 -0.183845 
-2.379979 -0.183075 
-2.369979 -0.182306 
-2.359979 -0.181537 
-2.349979 -0.180768 
-2.339979 -0.179998 
-2.329979 -0.179229 
-2.319979 -0.178460 
-2.309979 -0.177691 
-2.299979 -0.176921 
-2.289979 -0.176152 
-2.279979 -0.175383 
-2.269979 -0.174614 
-2.259979 -0.173845 
-2.249979 -0.173075 
-2.239979 -0.172306 
-2.229979 -0.171537 
-2.219979 -0.170768 
-2.209979 -0.169998 
-2.199979 -0.169229 
-2.189979 -0.168460 
-2.179979 -0.167691 
-2.169979 -0.166921 
-2.159979 -0.166152 
-2.149979 -0.165383 
-2.139979 -0.164614 
-2.129979 -0.163845 
-2.119979 -0.163075 
-2.109979 -0.162306 
-2.099979 -0.161537 
-2.089979 -0.160768 
-2.079979 -0.159998 
-2.069979 -0.159229 
-2.059979 -0.158460 
-2.049979 -0.157691 
-2.039979 -0.156921 
-2.029979 -0.156152 
-2.019979 -0.155383 
-2.009979 -0.154614 
-1.999979 -0.153845 
-1.989979 -0.153075 
-1.979979 -0.152306 
-1.969979 -0.151537 
-1.959979 -0.150768 
-1.949979 -0.149998 
-1.939979 -0.149229 
-1.929979 -0.148460 
-1.919979 -0.147691 
-1.909979 -0.146922 
-1.899979 -0.146152 
-1.889979 -0.145383 
-1.879979 -0.144614 
-1.869979 -0.143845 
-1.859979 -0.143075 
-1.849979 -0.142306 
-1.839979 -0.141537 
-1.829979 -0.140768 
-1.819979 -0.139998 
-1.809979 -0.139229 
-1.799979 -0.138460 
-1.789979 -0.137691 
-1.779979 -0.136921 
-1.769979 -0.136152 
-1.759979 -0.135383 
-1.749979 -0.134614 
-1.739980 -0.133845 
-1.729980 -0.133075 
-1.719980 -0.132306 
-1.709980 -0.131537 
-1.699980 -0.130768 
-1.689980 -0.129998 
-1.679980 -0.129229 
-1.669980 -0.128460 
-1.659980 -0.127691 
-1.649980 -0.126922 
-1.639980 -0.126152 
-1.629980 -0.125383 
-1.619980 -0.124614 
-1.609980 -0.123845 
-1.599980 -0.123075 
-1.589980 -0.122306 
-1.579980 -0.121537 
-1.569980 -0.120768 
-1.559980 -0.119998 
-1.549980 -0.119229 
-1.539980 -0.118460 
-1.529980 -0.117691 
-1.519980 -0.116922 
-1.509980 -0.116152 
-1.499980 -0.115383 
-1.489980 -0.114614 
-1.479980 -0.113845 
-1.469980 -0.113075 
-1.459980 -0.112306 
-1.449980 -0.111537 
-1.439980 -0.110768 
-1.429980 -0.109998 
-1.419980 -0.109229 
-1.409980 -0.108460 
-1.399980 -0.107691 
-1.389980 -0.106922 
-1.379980 -0.106152 
-1.369980 -0.105383 
-1.359980 -0.104614 
-1.349980 -0.103845 
-1.339980 -0.103075 
-1.329980 -0.102306 
-1.319980 -0.101537 
-1.309980 -0.100768 
-1.299980 -0.099998 
-1.289980 -0.099229 
-1.279980 -0.098460 
-1.269980 -0.097691 
-1.259980 -0.096922 
-1.249980 -0.096152 
-1.239980 -0.095383 
-1.229980 -0.094614 
-1.219980 -0.093845 
-1.209980 -0.093075 
-1.199980 -0.092306 
-1.189980 -0.091537 
-1.179980 -0.090768 
-1.169980 -0.089998 
-1.159980 -0.089229 
-1.149980 -0.088460 
-1.139980 -0.087691 
-1.129980 -0.086922 
-1.119980 -0.086152 
-1.109980 -0.085383 
-1.099980 -0.084614 
-1.089980 -0.083845 
-1.079980 -0.083075 
-1.069980 -0.082306 
-1.059980 -0.081537 
-1.049980 -0.080768 
-1.039980 -0.079998 
-1.029980 -0.079229 
-1.019980 -0.078460 
-1.009980 -0.077691 
-0.999980 -0.076922 
-0.989980 -0.076152 
-0.979980 -0.075383 
-0.969980 -0.074614 
-0.959980 -0.073845 
-0.949980 -0.073075 
-0.939980 -0.072306 
-0.929980 -0.071537 
-0.919980 -0.070768 
-0.909980 -0.069998 
-0.899980 -0.069229 
-0.889980 -0.068460 
-0.879980 -0.067691 
-0.869980 -0.066922 
-0.859980 -0.066152 
-0.849980 -0.065383 
-0.839980 -0.064614 
-0.829980 -0.063845 
-0.819980 -0.063075 
-0.809980 -0.062306 
-0.799980 -0.061537 
-0.789980 -0.060768 
-0.779980 -0.059998 
-0.769980 -0.059229 
-0.759980 -0.058460 
-0.749980 -0.057691 
-0.739980 -0.056922 
-0.729980 -0.056152 
-0.719980 -0.055383 
-0.709980 -0.054614 
-0.699980 -0.053845 
-0.689981 -0.053075 
-0.679981 -0.052306 
-0.669981 -0.051537 
-0.659981 -0.050768 
-0.649981 -0.049999 
-0.639981 -0.049229 
-0.629981 -0.048460 
-0.619981 -0.047691 
-0.609981 -0.046922 
-0.599981 -0.046152 
-0.589981 -0.045383 
-0.579981 -0.044614 
-0.569981 -0.043845 
-0.559981 -0.043075 
-0.549981 -0.042306 
-0.539981 -0.041537 
-0.529981 -0.040768 
-0.519981 -0.039999 
-0.509981 -0.039229 
-0.499981 -0.038460 
-0.489981 -0.037691 
-0.479981 -0.036922 
-0.469981 -0.036152 
-0.459981 -0.035383 
-0.449981 -0.034614 
-0.439981 -0.033845 
-0.429981 -0.033075 
-0.419981 -0.032306 
-0.409981 -0.031537 
-0.399981 -0.030768 
-0.389981 -0.029999 
-0.379981 -0.029229 
-0.369981 -0.028460 
-0.359981 -0.027691 
-0.349981 -0.026922 
-0.339981 -0.026152 
-0.329981 -0.025383 
-0.319981 -0.024614 
-0.309981 -0.023845 
-0.299981 -0.023075 
-0.289981 -0.022306 
-0.279981 -0.021537 
-0.269981 -0.020768 
-0.259981 -0.019999 
-0.249981 -0.019229 
-0.239981 -0.018460 
-0.229981 -0.017691 
-0.219981 -0.016922 
-0.209981 -0.016152 
-0.199981 -0.015383 
-0.189981 -0.014614 
-0.179981 -0.013845 
-0.169981 -0.013075 
-0.159981 -0.012306 
-0.149981 -0.011537 
-0.139981 -0.010768 
-0.129981 -0.009999 
-0.119981 -0.009229 
-0.109981 -0.008460 
-0.099981 -0.007691 
-0.089981 -0.006922 
-0.079981 -0.006152 
-0.069981 -0.005383 
-0.059981 -0.004614 
-0.049981 -0.003845 
-0.039981 -0.003075 
-0.029981 -0.002306 
-0.019981 -0.001537 
-0.009981 -0.000768 
0.000019 0.000001 
0.010019 0.000771 
0.020019 0.001540 
0.030019 0.002309 
0.040019 0.003078 
0.050019 0.003848 
0.060019 0.004617 
0.070019 0.005386 
0.080019 0.006155 
0.090019 0.006925 
0.100019 0.007694 
0.110019 0.008463 
0.120019 0.009232 
0.130019 0.010001 
0.140019 0.010771 
0.150019 0.011540 
0.160019 0.012309 
0.170019 0.013078 
0.180019 0.013848 
0.190019 0.014617 
0.200019 0.015386 
0.210019 0.016155 
0.220019 0.016925 
0.230019 0.017694 
0.240019 0.018463 
0.250019 0.019232 
0.260019 0.020001 
0.270019 0.020771 
0.280019 0.021540 
0.290019 0.022309 
0.300019 0.023078 
0.310019 0.023848 
0.320019 0.024617 
0.330019 0.025386 
0.340019 0.026155 
0.350019 0.026925 
0.360019 0.027694 
0.370019 0.028463 
0.380019 0.029232 
0.390019 0.030001 
0.400019 0.030771 
0.410019 0.031540 
0.420019 0.032309 
0.430019 0.033078 
0.440019 0.033848 
0.450019 0.034617 
0.460019 0.035386 
0.470019 0.036155 
0.480019 0.036925 
0.490019 0.037694 
0.500019 0.038463 
0.510019 0.039232 
0.520019 0.040001 
0.530019 0.040771 
0.540019 0.041540 
0.550019 0.042309 
0.560019 0.043078 
0.570019 0.043848 
0.580019 0.044617 
0.590019 0.045386 
0.600019 0.046155 
0.610019 0.046925 
0.620019 0.047694 
0.630019 0.048463 
0.640019 0.049232 
0.650019 0.050001 
0.660019 0.050771 
0.670019 0.051540 
0.680019 0.052309 
0.690019 0.053078 
0.700019 0.053848 
0.710019 0.054617 
0.720019 0.055386 
0.730019 0.056155 
0.740019 0.056925 
0.750019 0.057694 
0.760019 0.058463 
0.770019 0.059232 
0.780019 0.060001 
0.790019 0.060771 
0.800019 0.061540 
0.810019 0.062309 
0.820019 0.063078 
0.830019 0.063848 
0.840019 0.064617 
0.850019 0.065386 
0.860019 0.066155 
0.870019 0.066925 
0.880019 0.067694 
0.890019 0.068463 
0.900019 0.069232 
0.910019 0.070001 
0.920019 0.070771 
0.930019 0.071540 
0.940019 0.072309 
0.950019 0.073078 
0.960019 0.073848 
0.970019 0.074617 
0.980018 0.075386 
0.990018 0.076155 
1.000018 0.076925 
1.010018 0.077694 
1.020018 0.078463 
1.030018 0.079232 
1.040018 0.080001 
1.050018 0.080771 
1.060018 0.081540 
1.070018 0.082309 
1.080018 0.083078 
1.090018 0.083848 
1.100018 0.084617 
1.110018 0.085386 
1.120018 0.086155 
1.130018 0.086924 
1.140018 0.087694 
1.150018 0.088463 
1.160018 0.089232 
1.170018 0.090001 
1.180018 0.090771 
1.190018 0.091540 
1.200018 0.092309 
1.210018 0.093078 
1.220018 0.093848 
1.230018 0.094617 
1.240018 0.095386 
1.250018 0.096155 
1.260018 0.096924 
1.270018 0.097694 
1.280018 0.098463 
1.290018 0.099232 
1.300018 0.100001 
1.310018 0.100771 
1.320018 0.101540 
1.330018 0.102309 
1.340018 0.103078 
1.350018 0.103848 
1.360018 0.104617 
1.370018 0.105386 
1.380018 0.106155 
1.390018 0.106924 
1.400018 0.107694 
1.410018 0.108463 
1.420018 0.109232 
1.430018 0.110001 
1.440018 0.110771 
1.450018 0.111540 
1.460018 0.112309 
1.470018 0.113078 
1.480018 0.113848 
1.490018 0.114617 
1.500018 0.115386 
1.510018 0.116155 
1.520018 0.116924 
1.530018 0.117694 
1.540018 0.118463 
1.550018 0.119232 
1.560018 0.120001 
1.570018 0.120771 
1.580018 0.121540 
1.590018 0.122309 
1.600018 0.123078 
1.610018 0.123848 
1.620018 0.124617 
1.630018 0.125386 
1.640018 0.126155 
1.650018 0.126924 
1.660018 0.127694 
1.670018 0.128463 
1.680018 0.129232 
1.690018 0.130001 
1.700018 0.130771 
1.710018 0.131540 
1.720018 0.132309 
1.730018 0.133078 
1.740018 0.133848 
1.750018 0.134617 
1.760018 0.135386 
1.770018 0.136155 
1.780018 0.136924 
1.790018 0.137694 
1.800018 0.138463 
1.810018 0.139232 
1.820018 0.140001 
1.830018 0.140771 
1.840018 0.141540 
1.850018 0.142309 
1.860018 0.143078 
1.870018 0.143848 
1.880018 0.144617 
1.890018 0.145386 
1.900018 0.146155 
1.910018 0.146924 
1.920018 0.147694 
1.930018 0.148463 
1.940018 0.149232 
1.950018 0.150001 
1.960018 0.150771 
1.970018 0.151540 
1.980018 0.152309 
1.990018 0.153078 
2.000018 0.153848 
2.010018 0.154617 
2.020018 0.155386 
2.030018 0.156155 
2.040018 0.156924 
2.050018 0.157694 
2.060018 0.158463 
2.070018 0.159232 
2.080018 0.160001 
2.090018 0.160771 
2.100018 0.161540 
2.110018 0.162309 
2.120018 0.163078 
2.130018 0.163848 
2.140018 0.164617 
2.150017 0.165386 
2.160017 0.166155 
2.170017 0.166924 
2.180017 0.167694 
2.190017 0.168463 
2.200017 0.169232 
2.210017 0.170001 
2.220017 0.170771 
2.230017 0.171540 
2.240017 0.172309 
2.250017 0.173078 
2.260017 0.173847 
2.270017 0.174617 
2.280017 0.175386 
2.290017 0.176155 
2.300017 0.176924 
2.310017 0.177694 
2.320017 0.178463 
2.330017 0.179232 
2.340017 0.180001 
2.350017 0.180771 
2.360017 0.181540 
2.370017 0.182309 
2.380017 0.183078 
2.390017 0.183847 
2.400017 0.184617 
2.410017 0.185386 
2.420017 0.186155 
2.430017 0.186924 
2.440017 0.187694 
2.450017 0.188463 
2.460017 0.189232 
2.470017 0.190001 
2.480017 0.190771 
2.490017 0.191540 
2.500017 0.192309 
2.510017 0.193078 
2.520017 0.193847 
2.530017 0.194617 
2.540017 0.195386 
2.550017 0.196155 
2.560017 0.196924 
2.570017 0.197694 
2.580017 0.198463 
2.590017 0.199232 
2.600017 0.200001 
2.610017 0.200771 
2.620017 0.201540 
2.630017 0.202309 
2.640017 0.203078 
2.650017 0.203847 
2.660017 0.204617 
2.670017 0.205386 
2.680017 0.206155 
2.690017 0.206924 
2.700017 0.207694 
2.710017 0.208463 
2.720017 0.209232 
2.730017 0.210001 
2.740017 0.210771 
2.750017 0.211540 
2.760017 0.212309 
2.770017 0.213078 
2.780017 0.213847 
2.790017 0.214617 
2.800017 0.215386 
2.810017 0.216155 
2.820017 0.216924 
2.830017 0.217694 
2.840017 0.218463 
2.850017 0.219232 
2.860017 0.220001 
2.870017 0.220771 
2.880017 0.221540 
2.890017 0.222309 
2.900017 0.223078 
2.910017 0.223847 
2.920017 0.224617 
2.930017 0.225386 
2.940017 0.226155 
2.950017 0.226924 
2.960017 0.227694 
2.970017 0.228463 
2.980017 0.229232 
2.990017 0.230001 
3.000017 0.230771 
3.010017 0.231540 
3.020017 0.232309 
3.030017 0.233078 
3.040017 0.233847 
3.050017 0.234617 
3.060017 0.235386 
3.070017 0.236155 
3.080017 0.236924 
3.090017 0.237694 
3.100017 0.238463 
3.110017 0.239232 
3.120017 0.240001 
3.130017 0.240771 
3.140017 0.241540 
3.150017 0.242309 
3.160017 0.243078 
3.170017 0.243847 
3.180017 0.244617 
3.190017 0.245386 
3.200016 0.246155 
3.210016 0.246924 
3.220016 0.247694 
3.230016 0.248463 
3.240016 0.249232 
3.250016 0.250001 
3.260016 0.250771 
3.270016 0.251540 
3.280016 0.252309 
3.290016 0.253078 
3.300016 0.253847 
3.310016 0.254617 
3.320016 0.255386 
3.330016 0.256155 
3.340016 0.256924 
3.350016 0.257694 
3.360016 0.258463 
3.370016 0.259232 
3.380016 0.260001 
3.390016 0.260770 
3.400016 0.261540 
3.410016 0.262309 
3.420016 0.263078 
3.430016 0.263847 
3.440016 0.264617 
3.450016 0.265386 
3.460016 0.266155 
3.470016 0.266924 
3.480016 0.267694 
3.490016 0.268463 
3.500016 0.269232 
3.510016 0.270001 
3.520016 0.270770 
3.530016 0.271540 
3.540016 0.272309 
3.550016 0.273078 
3.560016 0.273847 
3.570016 0.274617 
3.580016 0.275386 
3.590016 0.276155 
3.600016 0.276924 
3.610016 0.277694 
3.620016 0.278463 
3.630016 0.279232 
3.640016 0.280001 
3.650016 0.280770 
3.660016 0.281540 
3.670016 0.282309 
3.680016 0.283078 
3.690016 0.283847 
3.700016 0.284617 
3.710016 0.285386 
3.720016 0.286155 
3.730016 0.286924 
3.740016 0.287694 
3.750016 0.288463 
3.760016 0.289232 
3.770016 0.290001 
3.780016 0.290770 
3.790016 0.291540 
3.800016 0.292309 
3.810016 0.293078 
3.820016 0.293847 
3.830016 0.294617 
3.840016 0.295386 
3.850016 0.296155 
3.860016 0.296924 
3.870016 0.297694 
3.880016 0.298463 
3.890016 0.299232 
3.900016 0.300001 
3.910016 0.300770 
3.920016 0.301540 
3.930016 0.302309 
3.940016 0.303078 
3.950016 0.303847 
3.960016 0.304617 
3.970016 0.305386 
3.980016 0.306155 
3.990016 0.306924 
4.000016 0.307694 
4.010016 0.308463 
4.020016 0.309232 
4.030016 0.310001 
4.040017 0.310771 
4.050017 0.311540 
4.060017 0.312309 
4.070017 0.313078 
4.080018 0.313848 
4.090018 0.314617 
4.100018 0.315386 
4.110018 0.316155 
4.120018 0.316925 
4.130019 0.317694 
4.140019 0.318463 
4.150019 0.319232 
4.160019 0.320002 
4.170020 0.320771 
4.180020 0.321540 
4.190020 0.322309 
4.200020 0.323078 
4.210021 0.323848 
4.220021 0.324617 
4.230021 0.325386 
4.240021 0.326155 
4.250021 0.326925 
4.260022 0.327694 
4.270022 0.328463 
4.280022 0.329232 
4.290022 0.330002 
4.300023 0.330771 
4.310023 0.331540 
4.320023 0.332309 
4.330023 0.333079 
4.340024 0.333848 
4.350024 0.334617 
4.360024 0.335386 
4.370024 0.336156 
4.380024 0.336925 
4.390025 0.337694 
4.400025 0.338463 
4.410025 0.339233 
4.420025 0.340002 
4.430026 0.340771 
4.440026 0.341540 
4.450026 0.342310 
4.460026 0.343079 
4.470026 0.343848 
4.480027 0.344617 
4.490027 0.345387 
4.500027 0.346156 
4.510027 0.346925 
4.520028 0.347694 
4.530028 0.348464 
4.540028 0.349233 
4.550028 0.350002 
4.560029 0.350771 
4.570029 0.351541 
4.580029 0.352310 
4.590029 0.353079 
4.600029 0.353848 
4.610030 0.354618 
4.620030 0.355387 
4.630030 0.356156 
4.640030 0.356925 
4.650031 0.357695 
4.660031 0.358464 
4.670031 0.359233 
4.680031 0.360002 
4.690032 0.360772 
4.700032 0.361541 
4.710032 0.362310 
4.720032 0.363079 
4.730032 0.363849 
4.740033 0.364618 
4.750033 0.365387 
4.760033 0.366156 
4.770033 0.366926 
4.780034 0.367695 
4.790034 0.368464 
4.800034 0.369233 
4.810034 0.370003 
4.820035 0.370772 
4.830035 0.371541 
4.840035 0.372310 
4.850035 0.373080 
4.860035 0.373849 
4.870036 0.374618 
4.880036 0.375387 
4.890036 0.376157 
4.900036 0.376926 
4.910037 0.377695 
4.920037 0.378464 
4.930037 0.379234 
4.940037 0.380003 
4.950037 0.380772 
4.960038 0.381541 
4.970038 0.382311 
4.980038 0.383080 
4.990038 0.383849 


