0.973643
-0.297437
0.069496
0.441921
0.533837
-0.324169
-0.493720
0.175327
-0.365550
0.440456
-0.127520
0.679951
0.267610
0.801163
0.171665
-0.170365
0.701923
-0.249464
-1.251021
0.311187
0.294708
-0.416085
0.124059
-0.220168
1.140996
0.050453
0.340850
0.374174
0.542992
0.292511
-0.014364
-0.192337
0.588401
0.196201
0.422146
1.480829
-0.836116
0.019692
-0.053181
-0.078815
0.178623
-0.713073
0.142003
-0.588932
0.129552
0.068397
0.005411
-0.128985
0.542259
-0.291944
0.678852
0.676289
0.409695
0.164341
0.651753
-0.015097
-0.294507
0.400540
-1.031667
0.348906
-0.065632
-0.315747
0.652119
0.122595
-0.199295
0.241609
0.432400
-0.591861
-0.201492
0.411526
0.180454
0.822768
0.055580
-0.093463
0.148229
0.629049
0.181186
-0.168534
-0.364085
-0.289014
0.385160
0.271272
-0.662904
-0.761046
0.180088
0.031411
0.239778
-0.269605
0.026650
0.214511
0.924572
0.752824
0.144567
0.107580
-0.662172
0.853163
0.516259
0.519921
-0.859553
-0.566227
0.298370
0.219271
0.709247
0.578147
-0.736510
-0.166703
-0.119464
0.681049
0.248567
0.700092
1.019784
-0.339916
0.580344
-0.095294
0.276398
1.164799
0.070960
1.238405
0.415554
-1.006766
0.245271
-0.102618
-0.039998
-0.139238
-0.053548
0.537133
0.628683
-0.488959
0.176792
0.780655
0.612204
0.322540
0.584372
0.196567
0.098792
0.124792
0.043129
0.532738
0.132116
-0.148759
0.370512
0.655049
0.193637
0.639302
-0.687439
0.247835
-0.562931
0.251131
0.482935
0.559471
0.591330
0.753191
-0.039632
-0.958061
0.416653
0.995615
1.017221
0.130285
-0.225661
0.337920
-0.440987
0.727557
-0.243239
-0.064167
0.194003
0.179722
0.103918
0.423977
-0.445748
-0.908258
0.559837
0.044594
0.555809
0.246370
0.457667
-0.101154
0.708514
-0.859919
-0.492987
0.471583
-0.193070
-0.028646
0.613302
-0.319042
-0.690003
0.708148
-0.091266
0.238680
0.652486
0.094763
-0.321972
0.399808
0.418850
0.578513
0.605246
0.054848
0.825698
0.237581
0.385526
-0.188309
-0.003378
1.480463
0.131017
0.923107
0.126623
0.133581
-0.366282
1.359617
0.101355
-0.542790
-0.538030
0.224398
0.044228
-0.420480
1.165165
-0.665467
-0.269239
0.542626
0.877698
0.116369
0.303131
-0.834652
0.143102
1.261842
0.773332
1.069953
0.922375
1.045784
-0.218704
-0.094196
1.286377
0.871839
0.278229
-0.761778
-0.320873
0.421047
0.230990
0.214877
0.212680
0.407498
-0.150957
1.117925
0.399075
0.806656
0.066566
0.703021
0.343047
0.116003
-0.177323
0.022988
0.581809
-0.347972
0.725726
0.190341
1.190067
0.290680
-1.153245
0.922741
0.586203
-0.046224
-0.042562
0.077918
-1.128710
0.632711
0.179355
0.563499
0.608175
0.200961
0.447414
0.140172
0.118566
0.607443
0.297272
0.706683
0.465358
1.213870
0.328399
-0.491522
0.637105
0.675922
0.562400
-0.172562
-0.069294
0.628316
-0.317211
-0.226028
-0.665101
0.372709
0.897473
-0.616030
-0.196732
0.078284
0.448512
0.218173
-0.153520
1.335082
0.049721
0.299469
0.021890
0.189243
0.154454
0.581077
0.388089
-0.463691
0.611837
0.782120
0.070594
0.408230
-0.519354
0.492090
1.069587
-0.711242
-0.191971
0.076820
0.250032
0.374540
0.255159
0.264680
-0.003012
0.340483
0.558372
0.481470
0.338652
-0.145830
0.683613
0.701556
-0.051717
0.054481
0.421780
-0.688172
0.343413
0.292145
0.008340
0.873304
-0.368479
1.117193
0.177524
-0.138506
0.491724
-0.517889
-0.368113
0.657612
-0.006674
-0.104816
-0.663636
0.687641
-0.067097
0.870741
-0.151323
-1.055470
-0.090900
-0.591129
0.578879
0.145665
-0.445015
-0.323803
0.351469
0.553978
0.615499
0.221102
0.608908
0.536766
0.824966
0.298004
-0.143633
0.926037
0.757219
0.486597
0.165806
0.727190
0.009805
0.399442
0.347075
0.069129
0.901501
0.242708
-0.148393
0.900769
0.470850
0.726092
0.602682
0.272004
1.286011
0.534935
-0.019857
-0.446114
0.228792
0.102820
0.106848
0.755022
0.876966
0.031045
0.507470
0.561302
0.483301
0.099890
0.154088
0.733416
0.410428
-0.189408
0.101721
1.675648
0.659443
-0.141436
-0.029012
0.420315
0.177891
0.417019
-0.713440
-0.163407
0.140538
0.850233
0.466090
0.700824
0.100623
0.376371
0.506372
0.152623
0.677753
-0.885187
0.317413
-0.200394
-0.214309
-0.372141
0.627584
0.142369
1.212771
-0.271803
-0.215774
0.360258
-0.388620
0.070228
0.342681
-0.415719
-0.115069
-0.443917
-0.265211
0.511499
0.711078
0.143834
0.144200
-0.315380
0.291779
0.467921
0.182285
-0.363719
0.829360
0.782853
-0.067829
0.074622
0.007608
-0.000082
0.065834
0.711444
-0.040364
0.320342
0.130651
-0.049519
-0.189774
0.285920
-0.362986
0.223299
-0.587833
0.414456
-0.344310
0.020059
-0.512762
-0.263014
0.753923
-0.540593
-0.246535
-0.174393
0.532006
0.219637
0.754289
-0.592227
-0.070393
-0.469917
0.202060
0.494287
0.778092
-0.565495
-0.221999
0.279328
-0.371775
0.139074
0.118933
0.313751
0.166538
0.750261
-0.787046
-0.140703
0.249300
-0.219070
-0.397409
0.022256
-0.270338
0.945812
1.114996
-0.565129
-1.080372
0.095130
0.488062
0.125158
-0.416452
0.254426
-1.153612
0.201327
0.946910
0.252962
-0.416818
0.079017
0.492456
0.610006
0.080115
-0.015829
0.604880
0.514428
0.034340
-0.078083
-0.341381
0.107214
0.896375
0.677021
-0.025716
-0.264479
-0.299268
0.153355
0.194736
0.776261
0.105017
-0.201858
0.364653
0.164707
0.947276
-0.240676
-0.266310
-0.215408
0.339019
0.338286
-0.091632
0.826064
-0.119097
0.133214
0.734514
-0.247267
0.488794
1.166264
0.095496
0.222201
0.056312
0.192539
-0.981864
-0.023153
0.968516
-0.123492
-0.055012
0.704120
-0.079182
0.733050
1.017953
1.091559
0.755754
0.634176
0.344878
-0.173295
0.996713
0.464625
-0.064900
0.472315
0.244905
0.635640
0.510400
-0.142168
0.339385
-0.007040
0.635274
-0.318310
-0.039266
-0.006308
-0.421945
0.071327
0.948375
0.779557
0.287751
0.083777
0.517724
0.685444
0.239046
0.582908
-0.543157
0.052284
1.042855
0.733782
-0.042928
0.537499
0.456569
0.485132
0.801895
-0.202225
-0.538762
-0.492255
0.460231
0.323638
-0.516790
0.031777
-0.219802
0.390653
0.615133
-1.006399
0.731219
0.106116
-0.517523
0.148595
0.169468
0.972544
-0.418283
-0.094562
0.495020
0.392850
0.824233
0.072059
0.224764
0.579978
0.220370
0.083411
1.383420
-0.487860
0.945079
0.228060
-0.562565
0.109045
-0.024618
0.263948
0.057045
1.068122
0.442287
-0.339183
0.349638
-0.148027
0.441188
0.286652
0.902234
0.636373
0.509668
0.009073
-0.543889
-0.736876
-0.513128
-0.342845
0.191806
0.345244
-0.055379
1.163700
0.467555
0.266145
0.006143
-0.068196
0.302399
-0.860286
0.295441
0.316680
0.531640
-0.566593
0.757951
0.565696
-0.786313
0.514794
-0.122759
-0.441353
0.439357
0.492822
0.150426
0.871473
0.462428
0.540062
1.069221
0.372343
-0.467353
0.301666
0.058876
-0.294141
0.048622
0.925304
0.369047
0.384427
1.190433
0.047524
1.017587
0.921642
0.579612
0.273103
-0.092731
0.042397
1.044686
0.541161
-0.516058
-0.588199
0.874036
-0.300000
0.529809
-0.198929
-0.048787
0.417752
0.638204
0.050087
0.800430
1.090827
-0.367747
0.198032
-0.190872
0.213778
-0.638369
1.042488
0.298737
0.557640
-0.197830
-0.053914
0.946178
-1.055836
-0.223464
0.615866
-0.224197
0.263581
-0.143267
0.466456
0.241243
0.192172
-0.590030
0.172031
0.755388
0.458034
0.393216
0.248201
0.228426
-0.075153
0.438259
-0.369944
-0.044393
-0.248000
-0.089435
-0.563664
0.081214
0.734881
0.170567
0.193271
-0.391550
0.071693
0.684345
-0.217605
-0.714538
0.434231
0.250398
0.872572
-0.465522
-0.090168
-0.174760
0.043495
0.073158
-0.052083
0.027383
0.025185
0.158116
0.220004
-0.065266
0.805557
0.656514
0.590232
0.898206
0.155553
0.437160
0.581443
-0.071491
0.385892
-0.274732
0.460963
1.021249
-0.044759
-0.164506
0.122961
0.020425
0.394315
0.781388
0.776627
0.171299
-0.024984
-0.982596
0.341216
0.239412
0.189975
0.398709
0.376005
-0.238845
0.420681
0.969248
-0.047322
0.052650
0.583274
0.630514
0.391751
0.419949
-0.613467
-0.413888
0.410061
0.277863
-0.067463
0.654683
0.017495
-0.295606
-0.342113
0.544090
0.140905
1.165531
0.995249
-0.413522
0.564598
0.069862
-0.017660
0.709979
0.610739
-0.120196
1.287110
0.339751
0.261018
0.073890
-0.341014
-0.371043
1.334350
0.001749
-0.052815
0.946544
0.393582
0.848769
0.424343
-0.116900
0.375639
0.220736
-0.370677
0.874769
0.174229
0.997812
0.067665
0.077186
-0.346874
-0.030843
0.370878
0.195468
0.269441
0.293976
0.710345
0.151158
-0.047688
0.512231
0.496118
0.271638
-0.123126
-0.811215
-0.239211
-0.100787
-0.958427
-0.069660
0.300201
0.506738
0.685810
0.943981
0.853895
0.304230
1.309814
0.145299
-0.149858
0.996347
0.021523
-0.636904
0.199130
-0.338817
0.556907
-0.193436
-0.178055
0.059974
0.391385
0.658711
-0.514959
0.366484
-0.289380
-0.021322
0.421414
0.637471
0.804825
0.128820
0.237947
0.561668
-0.348705
0.299103
0.276032
0.373441
-0.021688
-0.263746
0.876600
0.383695
-0.177689
0.851332
0.207187
-0.118365
-0.785947
0.055214
0.366117
0.170200
0.053383
-0.786679
0.538597
-0.298901
-0.096027
0.084510
0.480738
0.317047
0.347441
-0.390451
0.058510
-0.169267
0.097693
-0.314282
-0.149126
-0.420846
0.373808
-0.391916
0.531273
0.588034
0.655781
-0.369212
-0.490790
0.222933
-0.128252
0.471949
-0.489325
-0.216506
-0.614566
-0.785581
-0.013998
0.229525
-0.489691
0.243074
0.027749
1.093024
-0.125323
0.018960
-0.176591
0.289582
0.225497
-0.345409
-0.439522
0.278596
0.318878
-0.542058
0.490259
0.367582
0.218905
0.129919
-0.391184
-0.387888
-0.587467
-0.045125
0.295075
-0.221267
-0.639833
-0.323071
0.703754
0.707416
0.827895
-0.664735
0.128088
0.068031
-0.393747
-0.170731
-0.292676
0.324004
-0.152421
-0.043660
1.456660
0.104285
0.092200
-0.147661
-0.018392
0.102454
0.291046
0.680683
0.432766
0.132848
0.002115
0.048256
0.098425
0.828261
-0.222732
-0.488593
-0.167436
0.799698
0.566429
-0.615298
0.150060
0.344512
0.286286
-0.933159
0.230623
0.047890
0.558006
0.826797
-0.388254
0.590598
0.438625
1.090460
0.091834
-0.367015
-0.293042
0.566062
0.147862
0.604147
-0.068562
-0.290845
-0.316845
0.126257
0.317779
0.590964
-0.020956
0.562767
0.804458
-0.662538
1.093390
-0.165238
1.042122
0.758317
-0.055745
0.291413
0.611471
1.407589
0.300568
-0.363353
0.682880
0.066932
0.659077
-0.199661
0.895642
0.326934
-0.063801
-0.265577
0.971079
-0.080280
1.358885
0.489527
1.286744
-0.250929
0.587302
0.606344
0.199863
0.242342
-0.000815
1.236574
0.168003
-0.189041
0.318511
-0.389353
0.314117
-0.567326
0.213412
0.047157
0.202792
0.992685
-0.196365
-0.883722
-0.932793
1.021981
-0.245436
-0.369578
0.167271
0.730120
0.686908
0.303863
0.301300
0.518456
0.490625
-0.091999
0.034707
0.852797
-0.686707
1.504999
1.626943
0.781022
0.516625
0.276765
1.311279
-0.390085
0.849867
0.025552
-0.026083
0.396146
-0.440621
0.465724
0.560569
0.277131
0.851698
0.057411
0.608542
0.151891
-0.194534
0.447780
-0.319409
-0.468452
0.586570
-0.226760
0.254060
-0.193802
-0.687806
-0.116168
-0.543523
0.592063
-0.664003
0.010171
-0.103717
0.850600
0.051552
-1.104541
-0.194901
-0.343578
-0.348338
1.067390
0.535668
0.463160
-0.267408
0.269074
0.337188
0.534203
0.297638
0.141271
0.361357
0.144933
-0.076618
0.272736
0.366850
1.092658
0.334258
0.203158
0.634908
-0.541692
-0.494452
0.217806
0.543724
-0.126421
0.325103
0.484766
1.261476
-0.018026
0.434597
1.041756
0.205356
0.636739
-0.470283
-0.115435
0.386258
-0.098590
0.682148
0.824599
0.757585
0.749895
0.076453
0.709613
0.700458
0.560203
-0.414987
-0.514227
0.386991
0.973277
1.164433
0.253694
0.265779
0.099158
-0.785215
-0.198196
0.237215
-0.052449
0.486963
0.341948
-1.177781
0.969615
-0.250197
0.157750
0.679584
-0.242873
-0.004477
0.280060
0.174961
0.078651
0.264314
-0.127154
-0.123858
0.107947
0.129186
0.216342
0.003580
-0.414621
-0.612735
0.041664
-0.244704
0.028481
0.274934
0.609274
0.530907
0.352568
-0.439156
-0.195267
-0.271070
0.048988
0.180820
-0.128619
0.082679
1.238039
0.875135
0.096594
-0.568058
0.238314
-0.138872
-0.466255
0.828994
0.830092
0.734148
0.277497
0.392118
0.538964
0.313018
0.408597
0.686542
0.024819
0.485498
0.342314
0.043862
0.203525
0.230257
-0.320141
0.944713
0.010537
-0.563298
-0.243971
-0.248366
0.370146
1.114630
-0.241408
0.637838
0.543358
-0.273634
0.509301
0.468653
0.483667
0.534569
-0.150590
0.658345
0.053749
0.004678
0.630880
0.567893
0.167637
0.270539
0.124426
-0.044026
-0.071858
0.972178
0.806289
0.294342
0.250764
0.726824
0.469386
0.398343
-0.469184
-0.166337
-0.096759
0.289215
0.685077
0.994882
0.046059
-0.143999
0.607809
0.365385
0.032509
0.469020
0.024087
0.431667
0.710711
0.328033
-0.835384
1.529534
0.273469
0.563865
0.206820
0.802261
0.589133
0.350737
0.707049
0.002481
-0.421212
-0.417550
-0.297070
-0.195633
0.188510
0.781754
0.530175
1.140630
0.127355
-0.174027
0.072425
0.395780
-0.077717
0.898572
0.919445
0.663472
0.655415
0.090369
0.369779
0.822036
0.970347
-0.046590
0.262117
0.300934
-0.444283
0.253328
0.725359
0.147130
-0.117633
-0.002280
0.410794
-0.296704
0.073524
-0.075520
-0.220535
0.759050
0.206088
0.236849
0.033242
0.687275
0.117102
-0.566960
0.389554
0.756120
-0.298169
-0.124957
0.681782
-0.000449
-0.119830
-0.686341
1.045418
1.066658
0.106482
0.324737
0.627218
0.326568
1.189334
0.079749
-0.288282
0.900403
-0.320507
1.212405
0.046791
-0.031576
-0.366648
-0.197464
-0.513494
0.116735
-0.042195
-0.165971
0.312652
-0.442086
0.495752
-0.465888
0.369413
0.798599
0.388822
0.243440
0.203891
0.471217
0.266511
0.797501
-0.023519
0.178989
0.657246
0.221835
0.248933
0.240511
-0.537664
-0.076984
-0.518621
0.701190
0.800064
0.948009
0.559105
-0.810849
0.075355
0.352202
-0.365184
-0.019125
-0.093830
0.024453
-0.027914
-0.017294
0.095862
0.351103
0.606711
0.227694
-0.102985
0.293244
0.320709
0.922009
1.505365
-0.957695
-0.394846
-0.438057
-0.146196
-0.089801
-0.272169
0.243807
-0.268141
1.188236
0.705585
0.125890
-0.093097
0.660542
-0.343944
0.324371
-0.164140
0.132482
0.108313
-0.275098
0.920544
0.343779
-0.220901
0.468287
0.532372
0.035439
-0.564396
-0.273267
0.659810
-0.516424
0.823135
0.777360
0.045326
0.775163
-0.197098
0.969981
0.042031
0.684711
-0.538396
0.678486
0.102087
0.705218
0.585471
0.872938
0.091101
0.325835
-0.274366
0.001382
0.131383
-0.222366
0.302765
0.921276
-0.589298
-0.661805
0.252595
0.724993
-0.787778
-0.590763
1.091193
-0.014730
0.511132
0.029946
-0.490058
0.702655
0.802627
1.141728
0.293610
-0.640200
0.336089
0.100989
0.092932
0.682514
-0.192703
-0.488227
0.412259
-0.738707
0.407864
0.270905
-0.442818
0.103552
-0.367381
0.389920
0.296539
0.493189
0.336455
-0.415353
-0.054646
0.244539
-0.244338
0.732317
-0.564762
-0.089069
0.365751
0.629781
-0.737975
-0.151689
-0.859187
0.823867
0.408963
0.397611
-0.638002
0.751726
0.157017
0.633077
0.970713
-0.445381
-0.139605
-0.172929
-0.860652
0.924206
0.119299
0.662007
0.489893
0.827163
0.540428
-0.095661
0.945445
-0.908624
1.019418
1.043953
0.901135
0.702289
1.262208
0.541893
1.021615
0.626852
0.510766
0.375272
0.680317
0.347807
-0.515692
-0.125689
0.591696
0.194370
0.895276
0.489160
-0.249831
0.949107
0.495386
-0.066731
0.411160
-0.120562
0.443752
-0.173661
0.556541
-0.122027
1.141362
-0.295972
0.117468
-0.294873
-0.390818
1.116461
0.460597
0.229891
0.139440
-0.340648
-0.811947
-0.313549
-0.267774
0.728655
0.302032
-0.438424
-0.639467
-0.221633
-0.019491
0.728289
-0.269972
0.486231
0.025918
-0.140337
-0.615664
-0.641298
-0.590396
0.631612
0.805191
1.116094
0.920178
0.803360
0.414090
-1.275556
-0.466621
0.653950
0.348540
1.067024
-0.494086
-0.241774
0.359526
-0.020223
-0.957329
0.580710
0.847670
0.435695
-0.152788
0.415921
-0.318676
0.098059
-0.238112
0.268708
0.662373
-0.213577
-0.030111
0.972910
0.373075
0.437893
-0.835750
-0.439888
0.097327
0.533471
-0.517156
0.345610
0.122228
0.993051
0.777726
-0.414254
-0.291211
0.142736
0.310455
0.663105
0.274567
1.068855
0.176426
1.117559
0.968882
-0.322704
0.358793
0.362089
0.348174
0.275666
-0.417916
0.704852
1.045052
0.081580
0.275300
0.149693
0.346709
0.173862
0.371244
-0.264112
-0.051350
0.878065
-0.343212
0.146764
0.240145
0.030312
0.579246
-0.313916
0.457301
-0.268873
-0.226394
0.706317
0.247102
0.854262
-0.469550
0.120031
0.017861
-0.150224
0.198764
0.204989
-0.291577
0.731585
0.494653
0.852431
-0.146928
-0.265943
-0.317944
0.752092
0.169834
0.512963
0.798233
0.848402
0.067298
0.199496
-0.714172
-0.025350
0.066200
1.578239
0.261384
-0.164872
0.582541
-0.239943
0.315948
-0.365916
0.900037
0.563133
-0.029745
0.797867
0.092566
-0.368846
0.361723
-0.314648
-0.443184
0.099524
-0.072590
-0.022054
1.188602
-0.079548
0.156651
0.382963
0.028847
0.456935
0.190708
0.897839
0.139806
-0.020590
0.681415
0.459132
0.433132
0.876234
1.067756
0.729021
0.117834
-0.224563
0.496484
-0.214675
0.165074
0.487696
0.584739
0.029214
-0.002646
-0.073322
-0.316113
0.146031
0.386625
0.077552
0.444484
0.050819
-0.118731
-0.736144
-0.005942
0.009439
0.247469
0.204623
-0.101886
-0.467719
0.125524
-0.884455
0.686176
0.484400
0.166172
-0.041097
0.154820
0.949840
0.042763
0.263215
0.316314
-0.176957
0.749162
-0.565861
0.463527
0.560936
1.068489
-0.076252
0.360624
0.182651
0.394681
0.321807
0.296173
0.553612
0.240877
-0.338085
-0.518255
0.091468
0.516992
-0.213943
0.443386
0.246004
0.083045
0.315216
0.018228
0.657979
-0.126788
-0.146562
-0.419381
0.539330
-0.464424
0.438991
-0.293775
0.359892
0.080482
0.775529
-0.592594
0.389188
0.059242
1.310547
-0.124590
0.175693
-0.465156
1.358519
-0.347606
0.901868
-0.216873
0.173496
0.555443
-0.440255
0.244173
0.215243
0.556175
-0.219436
0.633809
0.206454
0.412991
-0.419747
-0.539495
0.801529
0.555076
0.019326
0.614767
0.105383
0.589499
1.285645
1.213137
0.519555
0.482569
1.019052
0.023721
-0.191239
1.116827
0.001016
-0.613833
0.045693
0.315582
-0.322338
0.255525
0.044960
0.731951
0.035073
-0.097125
-0.442452
0.279694
0.634542
-0.712707
0.651387
0.169102
1.432125
0.289948
0.445949
0.537865
0.272370
0.826430
0.189609
-0.392649
1.310180
0.334990
0.321441
0.849135
-0.113971
1.236940
1.091925
0.337554
0.018594
0.049355
-0.491889
0.000650
0.418118
0.507104
0.226229
0.924938
0.828628
-0.200760
-0.462959
-0.297803
-0.004111
0.753557
0.335357
-0.223830
0.439724
0.121130
-0.103351
-0.614199
0.505273
0.778458
0.149327
-0.444649
-0.065998
1.359251
-0.074787
0.131750
0.310821
0.554710
0.798965
-0.070759
0.419583
0.273835
-0.175858
-0.713806
0.268342
-0.117999
0.846571
0.181919
0.346343
0.611105
0.055946
-0.315014
0.613668
1.142095
-0.664369
0.469752
0.053017
0.123693
-0.396311
0.046425
0.774796
0.262483
1.092291
0.363554
0.387357
0.513696
-0.246169
0.612570
0.371610
-0.075886
-0.098956
-0.001547
-0.396677
0.506006
-0.638735
0.508569
0.008706
-0.167802
0.390287
-0.493353
-0.319775
-0.321606
0.163609
0.419216
0.803726
-0.045491
0.754655
-0.290479
0.105749
-0.027547
-0.316479
1.020516
0.874403
0.491358
0.705951
0.678120
-0.689270
0.487329
1.044319
0.518090
0.314483
0.464259
-0.001181
0.156285
0.213046
0.583640
0.170933
0.653218
-0.152055
-0.687073
0.096961
0.387723
0.054115
0.605978
-0.591495
0.589865
0.587668
1.115362
0.782486
-0.388987
-0.145464
0.224032
0.774064
-0.347240
0.441555
0.490991
-0.149492
0.197665
-0.982230
0.397977
-0.096393
-0.056111
0.115271
0.027016
-0.245070
-0.762876
0.565330
-0.420114
-0.079914
0.752458
0.554344
-0.246901
0.877332
0.822402
0.515161
-0.884821
0.493555
0.512597
-0.050984
-0.418649
-0.270704
0.266877
-0.393381
-0.272535
0.703387
-0.116534
0.202426
0.057777
0.148961
-0.290113
0.897107
-0.242140
-0.372874
0.632345
-0.612002
-0.241042
0.178257
0.823501
0.221468
-0.542424
0.424709
0.191440
0.396878
0.564231
0.529442
-0.224929
-0.030477
-0.088703
0.445583
-0.144365
0.362455
1.139531
-0.763243
1.431759
0.749529
0.630147
0.639669
0.215609
0.371977
0.191074
0.229159
-0.443550
-0.665834
-0.248732
0.829726
0.323272
0.461696
0.215975
-0.395944
-0.413156
0.187778
-1.007132
-0.313183
-0.637270
-0.540227
0.383329
0.006509
-0.142900
0.006875
0.707782
0.368315
0.412625
0.270173
0.584006
-0.288648
-0.074421
-0.738341
0.223666
-0.216140
0.993418
0.520654
-0.070027
0.051186
0.464991
0.726458
-0.048055
0.971812
-0.438790
-0.640566
0.212313
0.231356
-0.175126
0.391019
-0.564030
0.540795
0.825332
0.384794
0.730852
0.656148
-0.172196
0.774430
0.444118
0.732683
-0.884089
0.226595
1.043221
0.311920
-0.809750
-0.071125
-0.073689
0.143468
0.603781
0.660176
0.115637
-0.466987
-0.340282
0.993784
0.481836
0.875867
0.656880
0.585837
0.413357
0.141637
-0.098224
1.093756
0.021157
-0.735778
0.090735
-0.097858
-0.317578
0.345976
-0.223098
-0.338451
0.072791
-0.909723
-0.120928
0.515527
-0.491156
0.852064
-0.711975
0.217074
-0.364817
1.335448
0.751360
-0.323437
0.174595
0.538231
0.002847
0.517358
0.103186
-0.077351
0.735247
0.445217
-0.102252
1.261110
-0.040731
0.779923
-0.171830
0.314849
-0.068928
0.168736
-0.049886
0.269807
1.043587
-1.080005
-0.393015
0.518823
0.519189
0.059608
0.850966
1.432491
-0.169633
0.557274
0.261750
-0.490424
1.020883
0.414822
-0.835018
0.853529
0.488428
0.374906
1.139897
0.440822
-0.587101
-0.298535
0.334624
0.994516
0.505639
0.325469
0.660908
1.115728
-0.121295
0.030678
0.395047
-0.165605
0.128454
-0.787412
0.200595
1.383054
-0.217239
0.610373
-0.094928
-0.200027
-0.296338
-0.267042
-0.190506
-0.245802
0.152989
0.654317
-1.129076
0.003213
-0.371409
0.514062
0.493921
0.245638
0.267243
-0.346507
0.541527
-0.100055
0.155919
-0.022421
0.397244
0.104651
-0.190140
0.944347
0.470118
-0.194168
-0.292310
-0.041463
0.683246
0.629415
-0.513861
0.362822
0.627950
-0.041829
0.359160
-0.097492
0.017129
0.163975
0.409329
0.436428
0.296906
0.033608
0.482203
0.349272
0.311554
-0.761412
-0.737609
-0.171464
-0.144731
0.075721
-0.364451
0.730486
0.173130
-0.004843
-0.616397
0.262849
0.775895
0.609640
0.539696
0.168369
0.093665
0.108679
1.164067
-0.321240
-0.370310
0.415188
0.508203
0.192905
0.729754
-0.104449
-0.250563
0.127721
-0.419015
0.470484
1.165898
-0.637636
-0.124224
0.567527
0.313385
0.351836
0.094397
-0.810482
0.848036
0.511865
0.251497
0.023354
0.319976
1.018685
0.172398
0.295807
0.536400
-0.541326
0.121862
0.201694
1.187870
0.310089
0.847304
-0.737243
-0.518987
-0.342479
0.367948
0.872205
0.094031
0.056679
0.335723
0.368681
-0.046956
0.446315
0.662739
-0.101520
0.458766
0.513330
0.188877
0.614035
-0.168168
0.214144
-0.024252
0.440090
0.899670
-0.372508
0.172764
-0.163774
0.923840
0.485865
-0.117266
-0.141802
0.155186
0.896741
0.217440
-0.247633
0.020791
0.780289
0.436062
-0.612368
0.481104
-0.142534
0.544457
1.456294
-0.043294
0.997080
0.288483
-0.005209
0.447048
0.948741
0.463893
0.458400
1.602408
-0.421578
-0.074055
0.603049
0.484034
-0.121661
0.350371
0.638936
0.432033
-0.492621
0.919811
0.147496
0.949474
0.724627
0.226961
0.661641
0.364286
0.585105
0.510034
-0.933526
1.065925
0.384061
-0.168900
0.032143
-0.341747
0.566795
0.312286
0.319610
-0.762510
0.435329
0.849501
-0.494818
0.677387
0.727923
-0.909356
-0.191605
0.778824
-0.933892
-0.268507
-0.050252
0.729388
0.252229
-0.066365
-0.048421
-0.295239
-0.663270
-0.908990
0.535302
1.237673
1.334716
0.123327
0.367216
0.779191
-0.092365
-0.417184
-0.712341
0.676655
0.433864
-0.540959
0.896008
0.120764
0.827529
0.080848
-0.005575
0.800796
0.631246
0.423611
0.997446
-0.171098
0.096228
0.422512
-0.195999
0.417385
-0.153154
0.875501
-0.126055
-0.141069
0.708880
-0.213211
0.074989
0.176060
0.326202
1.066291
0.007242
0.588767
-0.263380
1.213504
1.310913
0.177158
0.321075
-0.299634
-0.022787
-0.394113
0.288849
-0.468818
0.151524
-0.392282
0.150792
0.411892
-0.023885
0.638570
0.567161
-0.147295
0.536034
-0.054280
-0.215042
0.995981
-0.464790
1.407956
0.603415
0.299835
0.005044
-0.249098
-0.468086
0.126989
0.285553
-0.050618
1.188968
-0.539128
-0.711609
-0.242507
-0.188675
0.456203
-0.266676
-0.031209
0.830459
0.093299
0.568260
-0.016561
0.446681
0.157384
1.139165
-0.339550
0.925671
-0.090534
0.200229
0.418484
0.448146
0.322906
0.400174
0.533104
0.923473
0.309723
0.994150
0.530541
1.383787
0.303497
-0.272901
0.100256
-0.049153
0.462062
-0.243605
0.395413
0.363920
-0.072224
-0.122393
0.350005
0.462794
-1.202316
0.614401
0.564964
-0.389719
0.773698
0.265412
0.558738
0.750993
-0.345043
-0.810116
0.388456
0.327666
-0.238478
-0.038900
-0.274000
0.652852
-0.567692
0.392484
0.079383
0.032876
-0.104083
0.515893
-0.271436
-0.078449
0.118200
0.444850
-0.464057
0.254793
0.636007
0.033974
0.022622
0.003946
0.376737
0.322173
-0.217971
0.799332
0.750627
0.004312
-0.514593
0.437526
0.562034
0.287018
0.442653
0.114904
0.165440
0.028115
-0.470649
0.344145
0.327300
0.166905
1.189701
0.871107
0.251863
0.274201
0.899304
0.000284
0.683979
0.241976
-0.027181
0.195834
0.365019
0.679218
0.216708
0.520287
0.225130
0.396512
0.120397
-0.441719
0.265046
1.018319
0.631978
0.068763
-0.762144
0.181553
0.805923
0.196933
0.434963
-0.139971
-0.145098
-0.688538
0.802994
0.873670
0.146398
-0.072956
0.612936
0.026284
-0.394480
0.758684
-0.515325
0.197299
0.582175
-1.031301
1.140264
0.586936
0.076087
0.278962
1.553703
0.704486
0.459498
-0.026449
-0.616763
-0.015463
0.433498
-0.395212
0.416287
0.205722
0.472681
0.290314
1.237307
-0.811581
0.218539
-0.613101
0.225863
-0.045857
1.214236
0.748796
0.287384
-0.016928
0.267976
0.341582
0.005777
-0.588565
0.920910
-0.115802
0.246736
-0.001913
0.363188
0.846938
0.804092
-0.114337
-0.239577
-0.029378
0.360991
0.604513
0.974009
-0.114703
-1.030935
0.249666
0.393949
0.198398
0.029580
0.947643
-0.064534
0.653584
0.288117
-0.100421
-0.167069
0.340117
-0.198563
0.292877
0.776993
0.504907
-0.016195
-0.026815
-0.099323
-0.293408
-0.099689
-0.225295
-0.028280
0.153722
-0.264845
0.051918
-0.201126
-0.003744
-0.639101
-0.289746
0.443019
-0.344676
-0.018759
0.204257
-0.688904
1.262574
0.082313
0.222567
-0.127886
-0.836483
0.074256
0.467189
-0.176224
-0.169999
0.227328
0.119665
0.633443
0.195102
-0.640932
0.898938
0.459865
0.507837
0.318145
0.423245
0.508935
-0.175492
-0.463325
0.152257
-0.113604
-0.760679
0.971446
-0.539861
-0.614932
-0.240309
0.661274
0.188144
0.605612
0.413723
0.422878
-0.689637
-0.275465
-0.397043
0.466822
-0.218337
0.007974
-0.346141
0.081946
-0.395578
0.084144
0.058143
0.336821
0.121496
-0.589664
0.436794
0.319244
0.756486
-0.345775
0.607077
0.756853
1.020150
0.461329
0.675556
0.973643
-0.297437
0.069496
0.441921
0.533837
-0.324169
-0.493720
0.175327
-0.365550
0.440456
-0.127520
0.679951
0.267610
0.801163
0.171665
-0.170365
0.701923
-0.249464
-1.251021
0.311187
0.294708
-0.416085
0.124059
-0.220168
1.140996
0.050453
0.340850
0.374174
0.542992
0.292511
-0.014364
-0.192337
0.588401
0.196201
0.422146
1.480829
-0.836116
0.019692
-0.053181
-0.078815
0.178623
-0.713073
0.142003
-0.588932
0.129552
0.068397
0.005411
-0.128985
0.542259
-0.291944
0.678852
0.676289
0.409695
0.164341
0.651753
-0.015097
-0.294507
0.400540
-1.031667
0.348906
-0.065632
-0.315747
0.652119
0.122595
-0.199295
0.241609
0.432400
-0.591861
-0.201492
0.411526
0.180454
0.822768
0.055580
-0.093463
0.148229
0.629049
0.181186
-0.168534
-0.364085
-0.289014
0.385160
0.271272
-0.662904
-0.761046
0.180088
0.031411
0.239778
-0.269605
0.026650
0.214511
0.924572
0.752824
0.144567
0.107580
-0.662172
0.853163
0.516259
0.519921
-0.859553
-0.566227
0.298370
0.219271
0.709247
0.578147
-0.736510
-0.166703
-0.119464
0.681049
0.248567
0.700092
1.019784
-0.339916
0.580344
-0.095294
0.276398
1.164799
0.070960
1.238405
0.415554
-1.006766
0.245271
-0.102618
-0.039998
-0.139238
-0.053548
0.537133
0.628683
-0.488959
0.176792
0.780655
0.612204
0.322540
0.584372
0.196567
0.098792
0.124792
0.043129
0.532738
0.132116
-0.148759
0.370512
0.655049
0.193637
0.639302
-0.687439
0.247835
-0.562931
0.251131
0.482935
0.559471
0.591330
0.753191
-0.039632
-0.958061
0.416653
0.995615
1.017221
0.130285
-0.225661
0.337920
-0.440987
0.727557
-0.243239
-0.064167
0.194003
0.179722
0.103918
0.423977
-0.445748
-0.908258
0.559837
0.044594
0.555809
0.246370
0.457667
-0.101154
0.708514
-0.859919
-0.492987
0.471583
-0.193070
-0.028646
0.613302
-0.319042
-0.690003
0.708148
-0.091266
0.238680
0.652486
0.094763
-0.321972
0.399808
0.418850
0.578513
0.605246
0.054848
0.825698
0.237581
0.385526
-0.188309
-0.003378
1.480463
0.131017
0.923107
0.126623
0.133581
-0.366282
1.359617
0.101355
-0.542790
-0.538030
0.224398
0.044228
-0.420480
1.165165
-0.665467
-0.269239
0.542626
0.877698
0.116369
0.303131
-0.834652
0.143102
1.261842
0.773332
1.069953
0.922375
1.045784
-0.218704
-0.094196
1.286377
0.871839
0.278229
-0.761778
-0.320873
0.421047
0.230990
0.214877
0.212680
0.407498
-0.150957
1.117925
0.399075
0.806656
0.066566
0.703021
0.343047
0.116003
-0.177323
0.022988
0.581809
-0.347972
0.725726
0.190341
1.190067
0.290680
-1.153245
0.922741
0.586203
-0.046224
-0.042562
0.077918
-1.128710
0.632711
0.179355
0.563499
0.608175
0.200961
0.447414
0.140172
0.118566
0.607443
0.297272
0.706683
0.465358
1.213870
0.328399
-0.491522
0.637105
0.675922
0.562400
-0.172562
-0.069294
0.628316
-0.317211
-0.226028
-0.665101
0.372709
0.897473
-0.616030
-0.196732
0.078284
0.448512
0.218173
-0.153520
1.335082
0.049721
0.299469
0.021890
0.189243
0.154454
0.581077
0.388089
-0.463691
0.611837
0.782120
0.070594
0.408230
-0.519354
0.492090
1.069587
-0.711242
-0.191971
0.076820
0.250032
0.374540
0.255159
0.264680
-0.003012
0.340483
0.558372
0.481470
0.338652
-0.145830
0.683613
0.701556
-0.051717
0.054481
0.421780
-0.688172
0.343413
0.292145
0.008340
0.873304
-0.368479
1.117193
0.177524
-0.138506
0.491724
-0.517889
-0.368113
0.657612
-0.006674
-0.104816
-0.663636
0.687641
-0.067097
0.870741
-0.151323
-1.055470
-0.090900
-0.591129
0.578879
0.145665
-0.445015
-0.323803
0.351469
0.553978
0.615499
0.221102
0.608908
0.536766
0.824966
0.298004
-0.143633
0.926037
0.757219
0.486597
0.165806
0.727190
0.009805
0.399442
0.347075
0.069129
0.901501
0.242708
-0.148393
0.900769
0.470850
0.726092
0.602682
0.272004
1.286011
0.534935
-0.019857
-0.446114
0.228792
0.102820
0.106848
0.755022
0.876966
0.031045
0.507470
0.561302
0.483301
0.099890
0.154088
0.733416
0.410428
-0.189408
0.101721
1.675648
0.659443
-0.141436
-0.029012
0.420315
0.177891
0.417019
-0.713440
-0.163407
0.140538
0.850233
0.466090
0.700824
0.100623
0.376371
0.506372
0.152623
0.677753
-0.885187
0.317413
-0.200394
-0.214309
-0.372141
0.627584
0.142369
1.212771
-0.271803
-0.215774
0.360258
-0.388620
0.070228
0.342681
-0.415719
-0.115069
-0.443917
-0.265211
0.511499
0.711078
0.143834
0.144200
-0.315380
0.291779
0.467921
0.182285
-0.363719
0.829360
0.782853
-0.067829
0.074622
0.007608
-0.000082
0.065834
0.711444
-0.040364
0.320342
0.130651
-0.049519
-0.189774
0.285920
-0.362986
0.223299
-0.587833
0.414456
-0.344310
0.020059
-0.512762
-0.263014
0.753923
-0.540593
-0.246535
-0.174393
0.532006
0.219637
0.754289
-0.592227
-0.070393
-0.469917
0.202060
0.494287
0.778092
-0.565495
-0.221999
0.279328
-0.371775
0.139074
0.118933
0.313751
0.166538
0.750261
-0.787046
-0.140703
0.249300
-0.219070
-0.397409
0.022256
-0.270338
0.945812
1.114996
-0.565129
-1.080372
0.095130
0.488062
0.125158
-0.416452
0.254426
-1.153612
0.201327
0.946910
0.252962
-0.416818
0.079017
0.492456
0.610006
0.080115
-0.015829
0.604880
0.514428
0.034340
-0.078083
-0.341381
0.107214
0.896375
0.677021
-0.025716
-0.264479
-0.299268
0.153355
0.194736
0.776261
0.105017
-0.201858
0.364653
0.164707
0.947276
-0.240676
-0.266310
-0.215408
0.339019
0.338286
-0.091632
0.826064
-0.119097
0.133214
0.734514
-0.247267
0.488794
1.166264
0.095496
0.222201
0.056312
0.192539
-0.981864
-0.023153
0.968516
-0.123492
-0.055012
0.704120
-0.079182
0.733050
1.017953
1.091559
0.755754
0.634176
0.344878
-0.173295
0.996713
0.464625
-0.064900
0.472315
0.244905
0.635640
0.510400
-0.142168
0.339385
-0.007040
0.635274
-0.318310
-0.039266
-0.006308
-0.421945
0.071327
0.948375
0.779557
0.287751
0.083777
0.517724
0.685444
0.239046
0.582908
-0.543157
0.052284
1.042855
0.733782
-0.042928
0.537499
0.456569
0.485132
0.801895
-0.202225
-0.538762
-0.492255
0.460231
0.323638
-0.516790
0.031777
-0.219802
0.390653
0.615133
-1.006399
0.731219
0.106116
-0.517523
0.148595
0.169468
0.972544
-0.418283
-0.094562
0.495020
0.392850
0.824233
0.072059
0.224764
0.579978
0.220370
0.083411
1.383420
-0.487860
0.945079
0.228060
-0.562565
0.109045
-0.024618
0.263948
0.057045
1.068122
0.442287
-0.339183
0.349638
-0.148027
0.441188
0.286652
0.902234
0.636373
0.509668
0.009073
-0.543889
-0.736876
-0.513128
-0.342845
0.191806
0.345244
-0.055379
1.163700
0.467555
0.266145
0.006143
-0.068196
0.302399
-0.860286
0.295441
0.316680
0.531640
-0.566593
0.757951
0.565696
-0.786313
0.514794
-0.122759
-0.441353
0.439357
0.492822
0.150426
0.871473
0.462428
0.540062
1.069221
0.372343
-0.467353
0.301666
0.058876
-0.294141
0.048622
0.925304
0.369047
0.384427
1.190433
0.047524
1.017587
0.921642
0.579612
0.273103
-0.092731
0.042397
1.044686
0.541161
-0.516058
-0.588199
0.874036
-0.300000
0.529809
-0.198929
-0.048787
0.417752
0.638204
0.050087
0.800430
1.090827
-0.367747
0.198032
-0.190872
0.213778
-0.638369
1.042488
0.298737
0.557640
-0.197830
-0.053914
0.946178
-1.055836
-0.223464
0.615866
-0.224197
0.263581
-0.143267
0.466456
0.241243
0.192172
-0.590030
0.172031
0.755388
0.458034
0.393216
0.248201
0.228426
-0.075153
0.438259
-0.369944
-0.044393
-0.248000
-0.089435
-0.563664
0.081214
0.734881
0.170567
0.193271
-0.391550
0.071693
0.684345
-0.217605
-0.714538
0.434231
0.250398
0.872572
-0.465522
-0.090168
-0.174760
0.043495
0.073158
-0.052083
0.027383
0.025185
0.158116
0.220004
-0.065266
0.805557
0.656514
0.590232
0.898206
0.155553
0.437160
0.581443
-0.071491
0.385892
-0.274732
0.460963
1.021249
-0.044759
-0.164506
0.122961
0.020425
0.394315
0.781388
0.776627
0.171299
-0.024984
-0.982596
0.341216
0.239412
0.189975
0.398709
0.376005
-0.238845
0.420681
0.969248
-0.047322
0.052650
0.583274
0.630514
0.391751
0.419949
-0.613467
-0.413888
0.410061
0.277863
-0.067463
0.654683
0.017495
-0.295606
-0.342113
0.544090
0.140905
1.165531
0.995249
-0.413522
0.564598
0.069862
-0.017660
0.709979
0.610739
-0.120196
1.287110
0.339751
0.261018
0.073890
-0.341014
-0.371043
1.334350
0.001749
-0.052815
0.946544
0.393582
0.848769
0.424343
-0.116900
0.375639
0.220736
-0.370677
0.874769
0.174229
0.997812
0.067665
0.077186
-0.346874
-0.030843
0.370878
0.195468
0.269441
0.293976
0.710345
0.151158
-0.047688
0.512231
0.496118
0.271638
-0.123126
-0.811215
-0.239211
-0.100787
-0.958427
-0.069660
0.300201
0.506738
0.685810
0.943981
0.853895
0.304230
1.309814
0.145299
-0.149858
0.996347
0.021523
-0.636904
0.199130
-0.338817
0.556907
-0.193436
-0.178055
0.059974
0.391385
0.658711
-0.514959
0.366484
-0.289380
-0.021322
0.421414
0.637471
0.804825
0.128820
0.237947
0.561668
-0.348705
0.299103
0.276032
0.373441
-0.021688
-0.263746
0.876600
0.383695
-0.177689
0.851332
0.207187
-0.118365
-0.785947
0.055214
0.366117
0.170200
0.053383
-0.786679
0.538597
-0.298901
-0.096027
0.084510
0.480738
0.317047
0.347441
-0.390451
0.058510
-0.169267
0.097693
-0.314282
-0.149126
-0.420846
0.373808
-0.391916
0.531273
0.588034
0.655781
-0.369212
-0.490790
0.222933
-0.128252
0.471949
-0.489325
-0.216506
-0.614566
-0.785581
-0.013998
0.229525
-0.489691
0.243074
0.027749
1.093024
-0.125323
0.018960
-0.176591
0.289582
0.225497
-0.345409
-0.439522
0.278596
0.318878
-0.542058
0.490259
0.367582
0.218905
0.129919
-0.391184
-0.387888
-0.587467
-0.045125
0.295075
-0.221267
-0.639833
-0.323071
0.703754
0.707416
0.827895
-0.664735
0.128088
0.068031
-0.393747
-0.170731
-0.292676
0.324004
-0.152421
-0.043660
1.456660
0.104285
0.092200
-0.147661
-0.018392
0.102454
0.291046
0.680683
0.432766
0.132848
0.002115
0.048256
0.098425
0.828261
-0.222732
-0.488593
-0.167436
0.799698
0.566429
-0.615298
0.150060
0.344512
0.286286
-0.933159
0.230623
0.047890
0.558006
0.826797
-0.388254
0.590598
0.438625
1.090460
0.091834
-0.367015
-0.293042
0.566062
0.147862
0.604147
-0.068562
-0.290845
-0.316845
0.126257
0.317779
0.590964
-0.020956
0.562767
0.804458
-0.662538
1.093390
-0.165238
1.042122
0.758317
-0.055745
0.291413
0.611471
1.407589
0.300568
-0.363353
0.682880
0.066932
0.659077
-0.199661
0.895642
0.326934
-0.063801
-0.265577
0.971079
-0.080280
1.358885
0.489527
1.286744
-0.250929
0.587302
0.606344
0.199863
0.242342
-0.000815
1.236574
0.168003
-0.189041
0.318511
-0.389353
0.314117
-0.567326
0.213412
0.047157
0.202792
0.992685
-0.196365
-0.883722
-0.932793
1.021981
-0.245436
-0.369578
0.167271
0.730120
0.686908
0.303863
0.301300
0.518456
0.490625
-0.091999
0.034707
0.852797
-0.686707
1.504999
1.626943
0.781022
0.516625
0.276765
1.311279
-0.390085
0.849867
0.025552
-0.026083
0.396146
-0.440621
0.465724
0.560569
0.277131
0.851698
0.057411
0.608542
0.151891
-0.194534
0.447780
-0.319409
-0.468452
0.586570
-0.226760
0.254060
-0.193802
-0.687806
-0.116168
-0.543523
0.592063
-0.664003
0.010171
-0.103717
0.850600
0.051552
-1.104541
-0.194901
-0.343578
-0.348338
1.067390
0.535668
0.463160
-0.267408
0.269074
0.337188
0.534203
0.297638
0.141271
0.361357
0.144933
-0.076618
0.272736
0.366850
1.092658
0.334258
0.203158
0.634908
-0.541692
-0.494452
0.217806
0.543724
-0.126421
0.325103
0.484766
1.261476
-0.018026
0.434597
1.041756
0.205356
0.636739
-0.470283
-0.115435
0.386258
-0.098590
0.682148
0.824599
0.757585
0.749895
0.076453
0.709613
0.700458
0.560203
-0.414987
-0.514227
0.386991
0.973277
1.164433
0.253694
0.265779
0.099158
-0.785215
-0.198196
0.237215
-0.052449
0.486963
0.341948
-1.177781
0.969615
-0.250197
0.157750
0.679584
-0.242873
-0.004477
0.280060
0.174961
0.078651
0.264314
-0.127154
-0.123858
0.107947
0.129186
0.216342
0.003580
-0.414621
-0.612735
0.041664
-0.244704
0.028481
0.274934
0.609274
0.530907
0.352568
-0.439156
-0.195267
-0.271070
0.048988
0.180820
-0.128619
0.082679
1.238039
0.875135
0.096594
-0.568058
0.238314
-0.138872
-0.466255
0.828994
0.830092
0.734148
0.277497
0.392118
0.538964
0.313018
0.408597
0.686542
0.024819
0.485498
0.342314
0.043862
0.203525
0.230257
-0.320141
0.944713
0.010537
-0.563298
-0.243971
-0.248366
0.370146
1.114630
-0.241408
0.637838
0.543358
-0.273634
0.509301
0.468653
0.483667
0.534569
-0.150590
0.658345
0.053749
0.004678
0.630880
0.567893
0.167637
0.270539
0.124426
-0.044026
-0.071858
0.972178
0.806289
0.294342
0.250764
0.726824
0.469386
0.398343
-0.469184
-0.166337
-0.096759
0.289215
0.685077
0.994882
0.046059
-0.143999
0.607809
0.365385
0.032509
0.469020
0.024087
0.431667
0.710711
0.328033
-0.835384
1.529534
0.273469
0.563865
0.206820
0.802261
0.589133
0.350737
0.707049
0.002481
-0.421212
-0.417550
-0.297070
-0.195633
0.188510
0.781754
0.530175
1.140630
0.127355
-0.174027
0.072425
0.395780
-0.077717
0.898572
0.919445
0.663472
0.655415
0.090369
0.369779
0.822036
0.970347
-0.046590
0.262117
0.300934
-0.444283
0.253328
0.725359
0.147130
-0.117633
-0.002280
0.410794
-0.296704
0.073524
-0.075520
-0.220535
0.759050
0.206088
0.236849
0.033242
0.687275
0.117102
-0.566960
0.389554
0.756120
-0.298169
-0.124957
0.681782
-0.000449
-0.119830
-0.686341
1.045418
1.066658
0.106482
0.324737
0.627218
0.326568
1.189334
0.079749
-0.288282
0.900403
-0.320507
1.212405
0.046791
-0.031576
-0.366648
-0.197464
-0.513494
0.116735
-0.042195
-0.165971
0.312652
-0.442086
0.495752
-0.465888
0.369413
0.798599
0.388822
0.243440
0.203891
0.471217
0.266511
0.797501
-0.023519
0.178989
0.657246
0.221835
0.248933
0.240511
-0.537664
-0.076984
-0.518621
0.701190
0.800064
0.948009
0.559105
-0.810849
0.075355
0.352202
-0.365184
-0.019125
-0.093830
0.024453
-0.027914
-0.017294
0.095862
0.351103
0.606711
0.227694
-0.102985
0.293244
0.320709
0.922009
1.505365
-0.957695
-0.394846
-0.438057
-0.146196
-0.089801
-0.272169
0.243807
-0.268141
1.188236
0.705585
0.125890
-0.093097
0.660542
-0.343944
0.324371
-0.164140
0.132482
0.108313
-0.275098
0.920544
0.343779
-0.220901
0.468287
0.532372
0.035439
-0.564396
-0.273267
0.659810
-0.516424
0.823135
0.777360
0.045326
0.775163
-0.197098
0.969981
0.042031
0.684711
-0.538396
0.678486
0.102087
0.705218
0.585471
0.872938
0.091101
0.325835
-0.274366
0.001382
0.131383
-0.222366
0.302765
0.921276
-0.589298
-0.661805
0.252595
0.724993
-0.787778
-0.590763
1.091193
-0.014730
0.511132
0.029946
-0.490058
0.702655
0.802627
1.141728
0.293610
-0.640200
0.336089
0.100989
0.092932
0.682514
-0.192703
-0.488227
0.412259
-0.738707
0.407864
0.270905
-0.442818
0.103552
-0.367381
0.389920
0.296539
0.493189
0.336455
-0.415353
-0.054646
0.244539
-0.244338
0.732317
-0.564762
-0.089069
0.365751
0.629781
-0.737975
-0.151689
-0.859187
0.823867
0.408963
0.397611
-0.638002
0.751726
0.157017
0.633077
0.970713
-0.445381
-0.139605
-0.172929
-0.860652
0.924206
0.119299
0.662007
0.489893
0.827163
0.540428
-0.095661
0.945445
-0.908624
1.019418
1.043953
0.901135
0.702289
1.262208
0.541893
1.021615
0.626852
0.510766
0.375272
0.680317
0.347807
-0.515692
-0.125689
0.591696
0.194370
0.895276
0.489160
-0.249831
0.949107
0.495386
-0.066731
0.411160
-0.120562
0.443752
-0.173661
0.556541
-0.122027
1.141362
-0.295972
0.117468
-0.294873
-0.390818
1.116461
0.460597
0.229891
0.139440
-0.340648
-0.811947
-0.313549
-0.267774
0.728655
0.302032
-0.438424
-0.639467
-0.221633
-0.019491
0.728289
-0.269972
0.486231
0.025918
-0.140337
-0.615664
-0.641298
-0.590396
0.631612
0.805191
1.116094
0.920178
0.803360
0.414090
-1.275556
-0.466621
0.653950
0.348540
1.067024
-0.494086
-0.241774
0.359526
-0.020223
-0.957329
0.580710
0.847670
0.435695
-0.152788
0.415921
-0.318676
0.098059
-0.238112
0.268708
0.662373
-0.213577
-0.030111
0.972910
0.373075
0.437893
-0.835750
-0.439888
0.097327
0.533471
-0.517156
0.345610
0.122228
0.993051
0.777726
-0.414254
-0.291211
0.142736
0.310455
0.663105
0.274567
1.068855
0.176426
1.117559
0.968882
-0.322704
0.358793
0.362089
0.348174
0.275666
-0.417916
0.704852
1.045052
0.081580
0.275300
0.149693
0.346709
0.173862
0.371244
-0.264112
-0.051350
0.878065
-0.343212
0.146764
0.240145
0.030312
0.579246
-0.313916
0.457301
-0.268873
-0.226394
0.706317
0.247102
0.854262
-0.469550
0.120031
0.017861
-0.150224
0.198764
0.204989
-0.291577
0.731585
0.494653
0.852431
-0.146928
-0.265943
-0.317944
0.752092
0.169834
0.512963
0.798233
0.848402
0.067298
0.199496
-0.714172
-0.025350
0.066200
1.578239
0.261384
-0.164872
0.582541
-0.239943
0.315948
-0.365916
0.900037
0.563133
-0.029745
0.797867
0.092566
-0.368846
0.361723
-0.314648
-0.443184
0.099524
-0.072590
-0.022054
1.188602
-0.079548
0.156651
0.382963
0.028847
0.456935
0.190708
0.897839
0.139806
-0.020590
0.681415
0.459132
0.433132
0.876234
1.067756
0.729021
0.117834
-0.224563
0.496484
-0.214675
0.165074
0.487696
0.584739
0.029214
-0.002646
-0.073322
-0.316113
0.146031
0.386625
0.077552
0.444484
0.050819
-0.118731
-0.736144
-0.005942
0.009439
0.247469
0.204623
-0.101886
-0.467719
0.125524
-0.884455
0.686176
0.484400
0.166172
-0.041097
0.154820
0.949840
0.042763
0.263215
0.316314
-0.176957
0.749162
-0.565861
0.463527
0.560936
1.068489
-0.076252
0.360624
0.182651
0.394681
0.321807
0.296173
0.553612
0.240877
-0.338085
-0.518255
0.091468
0.516992
-0.213943
0.443386
0.246004
0.083045
0.315216
0.018228
0.657979
-0.126788
-0.146562
-0.419381
0.539330
-0.464424
0.438991
-0.293775
0.359892
0.080482
0.775529
-0.592594
0.389188
0.059242
1.310547
-0.124590
0.175693
-0.465156
1.358519
-0.347606
0.901868
-0.216873
0.173496
0.555443
-0.440255
0.244173
0.215243
0.556175
-0.219436
0.633809
0.206454
0.412991
-0.419747
-0.539495
0.801529
0.555076
0.019326
0.614767
0.105383
0.589499
1.285645
1.213137
0.519555
0.482569
1.019052
0.023721
-0.191239
1.116827
0.001016
-0.613833
0.045693
0.315582
-0.322338
0.255525
0.044960
0.731951
0.035073
-0.097125
-0.442452
0.279694
0.634542
-0.712707
0.651387
0.169102
1.432125
0.289948
0.445949
0.537865
0.272370
0.826430
0.189609
-0.392649
1.310180
0.334990
0.321441
0.849135
-0.113971
1.236940
1.091925
0.337554
0.018594
0.049355
-0.491889
0.000650
0.418118
0.507104
0.226229
0.924938
0.828628
-0.200760
-0.462959
-0.297803
-0.004111
0.753557
0.335357
-0.223830
0.439724
0.121130
-0.103351
-0.614199
0.505273
0.778458
0.149327
-0.444649
-0.065998
1.359251
-0.074787
0.131750
0.310821
0.554710
0.798965
-0.070759
0.419583
0.273835
-0.175858
-0.713806
0.268342
-0.117999
0.846571
0.181919
0.346343
0.611105
0.055946
-0.315014
0.613668
1.142095
-0.664369
0.469752
0.053017
0.123693
-0.396311
0.046425
0.774796
0.262483
1.092291
0.363554
0.387357
0.513696
-0.246169
0.612570
0.371610
-0.075886
-0.098956
-0.001547
-0.396677
0.506006
-0.638735
0.508569
0.008706
-0.167802
0.390287
-0.493353
-0.319775
-0.321606
0.163609
0.419216
0.803726
-0.045491
0.754655
-0.290479
0.105749
-0.027547
-0.316479
1.020516
0.874403
0.491358
0.705951
0.678120
-0.689270
0.487329
1.044319
0.518090
0.314483
0.464259
-0.001181
0.156285
0.213046
0.583640
0.170933
0.653218
-0.152055
-0.687073
0.096961
0.387723
0.054115
0.605978
-0.591495
0.589865
0.587668
1.115362
0.782486
-0.388987
-0.145464
0.224032
0.774064
-0.347240
0.441555
0.490991
-0.149492
0.197665
-0.982230
0.397977
-0.096393
-0.056111
0.115271
0.027016
-0.245070
-0.762876
0.565330
-0.420114
-0.079914
0.752458
0.554344
-0.246901
0.877332
0.822402
0.515161
-0.884821
0.493555
0.512597
-0.050984
-0.418649
-0.270704
0.266877
-0.393381
-0.272535
0.703387
-0.116534
0.202426
0.057777
0.148961
-0.290113
0.897107
-0.242140
-0.372874
0.632345
-0.612002
-0.241042
0.178257
0.823501
0.221468
-0.542424
0.424709
0.191440
0.396878
0.564231
0.529442
-0.224929
-0.030477
-0.088703
0.445583
-0.144365
0.362455
1.139531
-0.763243
1.431759
0.749529
0.630147
0.639669
0.215609
0.371977
0.191074
0.229159
-0.443550
-0.665834
-0.248732
0.829726
0.323272
0.461696
0.215975
-0.395944
-0.413156
0.187778
-1.007132
-0.313183
-0.637270
-0.540227
0.383329
0.006509
-0.142900
0.006875
0.707782
0.368315
0.412625
0.270173
0.584006
-0.288648
-0.074421
-0.738341
0.223666
-0.216140
0.993418
0.520654
-0.070027
0.051186
0.464991
0.726458
-0.048055
0.971812
-0.438790
-0.640566
0.212313
0.231356
-0.175126
0.391019
-0.564030
0.540795
0.825332
0.384794
0.730852
0.656148
-0.172196
0.774430
0.444118
0.732683
-0.884089
0.226595
1.043221
0.311920
-0.809750
-0.071125
-0.073689
0.143468
0.603781
0.660176
0.115637
-0.466987
-0.340282
0.993784
0.481836
0.875867
0.656880
0.585837
0.413357
0.141637
-0.098224
1.093756
0.021157
-0.735778
0.090735
-0.097858
-0.317578
0.345976
-0.223098
-0.338451
0.072791
-0.909723
-0.120928
0.515527
-0.491156
0.852064
-0.711975
0.217074
-0.364817
1.335448
0.751360
-0.323437
0.174595
0.538231
0.002847
0.517358
0.103186
-0.077351
0.735247
0.445217
-0.102252
1.261110
-0.040731
0.779923
-0.171830
0.314849
-0.068928
0.168736
-0.049886
0.269807
1.043587
-1.080005
-0.393015
0.518823
0.519189
0.059608
0.850966
1.432491
-0.169633
0.557274
0.261750
-0.490424
1.020883
0.414822
-0.835018
0.853529
0.488428
0.374906
1.139897
0.440822
-0.587101
-0.298535
0.334624
0.994516
0.505639
0.325469
0.660908
1.115728
-0.121295
0.030678
0.395047
-0.165605
0.128454
-0.787412
0.200595
1.383054
-0.217239
0.610373
-0.094928
-0.200027
-0.296338
-0.267042
-0.190506
-0.245802
0.152989
0.654317
-1.129076
0.003213
-0.371409
0.514062
0.493921
0.245638
0.267243
-0.346507
0.541527
-0.100055
0.155919
-0.022421
0.397244
0.104651
-0.190140
0.944347
0.470118
-0.194168
-0.292310
-0.041463
0.683246
0.629415
-0.513861
0.362822
0.627950
-0.041829
0.359160
-0.097492
0.017129
0.163975
0.409329
0.436428
0.296906
0.033608
0.482203
0.349272
0.311554
-0.761412
-0.737609
-0.171464
-0.144731
0.075721
-0.364451
0.730486
0.173130
-0.004843
-0.616397
0.262849
0.775895
0.609640
0.539696
0.168369
0.093665
0.108679
1.164067
-0.321240
-0.370310
0.415188
0.508203
0.192905
0.729754
-0.104449
-0.250563
0.127721
-0.419015
0.470484
1.165898
-0.637636
-0.124224
0.567527
0.313385
0.351836
0.094397
-0.810482
0.848036
0.511865
0.251497
0.023354
0.319976
1.018685
0.172398
0.295807
0.536400
-0.541326
0.121862
0.201694
1.187870
0.310089
0.847304
-0.737243
-0.518987
-0.342479
0.367948
0.872205
0.094031
0.056679
0.335723
0.368681
-0.046956
0.446315
0.662739
-0.101520
0.458766
0.513330
0.188877
0.614035
-0.168168
0.214144
-0.024252
0.440090
0.899670
-0.372508
0.172764
-0.163774
0.923840
0.485865
-0.117266
-0.141802
0.155186
0.896741
0.217440
-0.247633
0.020791
0.780289
0.436062
-0.612368
0.481104
-0.142534
0.544457
1.456294
-0.043294
0.997080
0.288483
-0.005209
0.447048
0.948741
0.463893
0.458400
1.602408
-0.421578
-0.074055
0.603049
0.484034
-0.121661
0.350371
0.638936
0.432033
-0.492621
0.919811
0.147496
0.949474
0.724627
0.226961
0.661641
0.364286
0.585105
0.510034
-0.933526
1.065925
0.384061
-0.168900
0.032143
-0.341747
0.566795
0.312286
0.319610
-0.762510
0.435329
0.849501
-0.494818
0.677387
0.727923
-0.909356
-0.191605
0.778824
-0.933892
-0.268507
-0.050252
0.729388
0.252229
-0.066365
-0.048421
-0.295239
-0.663270
-0.908990
0.535302
1.237673
1.334716
0.123327
0.367216
0.779191
-0.092365
-0.417184
-0.712341
0.676655
0.433864
-0.540959
0.896008
0.120764
0.827529
0.080848
-0.005575
0.800796
0.631246
0.423611
0.997446
-0.171098
0.096228
0.422512
-0.195999
0.417385
-0.153154
0.875501
-0.126055
-0.141069
0.708880
-0.213211
0.074989
0.176060
0.326202
1.066291
0.007242
0.588767
-0.263380
1.213504
1.310913
0.177158
0.321075
-0.299634
-0.022787
-0.394113
0.288849
-0.468818
0.151524
-0.392282
0.150792
0.411892
-0.023885
0.638570
0.567161
-0.147295
0.536034
-0.054280
-0.215042
0.995981
-0.464790
1.407956
0.603415
0.299835
0.005044
-0.249098
-0.468086
0.126989
0.285553
-0.050618
1.188968
-0.539128
-0.711609
-0.242507
-0.188675
0.456203
-0.266676
-0.031209
0.830459
0.093299
0.568260
-0.016561
0.446681
0.157384
1.139165
-0.339550
0.925671
-0.090534
0.200229
0.418484
0.448146
0.322906
0.400174
0.533104
0.923473
0.309723
0.994150
0.530541
1.383787
0.303497
-0.272901
0.100256
-0.049153
0.462062
-0.243605
0.395413
0.363920
-0.072224
-0.122393
0.350005
0.462794
-1.202316
0.614401
0.564964
-0.389719
0.773698
0.265412
0.558738
0.750993
-0.345043
-0.810116
0.388456
0.327666
-0.238478
-0.038900
-0.274000
0.652852
-0.567692
0.392484
0.079383
0.032876
-0.104083
0.515893
-0.271436
-0.078449
0.118200
0.444850
-0.464057
0.254793
0.636007
0.033974
0.022622
0.003946
0.376737
0.322173
-0.217971
0.799332
0.750627
0.004312
-0.514593
0.437526
0.562034
0.287018
0.442653
0.114904
0.165440
0.028115
-0.470649
0.344145
0.327300
0.166905
1.189701
0.871107
0.251863
0.274201
0.899304
0.000284
0.683979
0.241976
-0.027181
0.195834
0.365019
0.679218
0.216708
0.520287
0.225130
0.396512
0.120397
-0.441719
0.265046
1.018319
0.631978
0.068763
-0.762144
0.181553
0.805923
0.196933
0.434963
-0.139971
-0.145098
-0.688538
0.802994
0.873670
0.146398
-0.072956
0.612936
0.026284
-0.394480
0.758684
-0.515325
0.197299
0.582175
-1.031301
1.140264
0.586936
0.076087
0.278962
1.553703
0.704486
0.459498
-0.026449
-0.616763
-0.015463
0.433498
-0.395212
0.416287
0.205722
0.472681
0.290314
1.237307
-0.811581
0.218539
-0.613101
0.225863
-0.045857
1.214236
0.748796
0.287384
-0.016928
0.267976
0.341582
0.005777
-0.588565
0.920910
-0.115802
0.246736
-0.001913
0.363188
0.846938
0.804092
-0.114337
-0.239577
-0.029378
0.360991
0.604513
0.974009
-0.114703
-1.030935
0.249666
0.393949
0.198398
0.029580
0.947643
-0.064534
0.653584
0.288117
-0.100421
-0.167069
0.340117
-0.198563
0.292877
0.776993
0.504907
-0.016195
-0.026815
-0.099323
-0.293408
-0.099689
-0.225295
-0.028280
0.153722
-0.264845
0.051918
-0.201126
-0.003744
-0.639101
-0.289746
0.443019
-0.344676
-0.018759
0.204257
-0.688904
1.262574
0.082313
0.222567
-0.127886
-0.836483
0.074256
0.467189
-0.176224
-0.169999
0.227328
0.119665
0.633443
0.195102
-0.640932
0.898938
0.459865
0.507837
0.318145
0.423245
0.508935
-0.175492
-0.463325
0.152257
-0.113604
-0.760679
0.971446
-0.539861
-0.614932
-0.240309
0.661274
0.188144
0.605612
0.413723
0.422878
-0.689637
-0.275465
-0.397043
0.466822
-0.218337
0.007974
-0.346141
0.081946
-0.395578
0.084144
0.058143
0.336821
0.121496
-0.589664
0.436794
0.319244
0.756486
-0.345775
0.607077
0.756853
1.020150
0.461329
0.675556
0.973643
-0.297437
0.069496
0.441921
0.533837
-0.324169
-0.493720
0.175327
-0.365550
0.440456
-0.127520
0.679951
0.267610
0.801163
0.171665
-0.170365
0.701923
-0.249464
-1.251021
0.311187
0.294708
-0.416085
0.124059
-0.220168
1.140996
0.050453
0.340850
0.374174
0.542992
0.292511
-0.014364
-0.192337
0.588401
0.196201
0.422146
1.480829
-0.836116
0.019692
-0.053181
-0.078815
0.178623
-0.713073
0.142003
-0.588932
0.129552
0.068397
0.005411
-0.128985
0.542259
-0.291944
0.678852
0.676289
0.409695
0.164341
0.651753
-0.015097
-0.294507
0.400540
-1.031667
0.348906
-0.065632
-0.315747
0.652119
0.122595
-0.199295
0.241609
0.432400
-0.591861
-0.201492
0.411526
0.180454
0.822768
0.055580
-0.093463
0.148229
0.629049
0.181186
-0.168534
-0.364085
-0.289014
0.385160
0.271272
-0.662904
-0.761046
0.180088
0.031411
0.239778
-0.269605
0.026650
0.214511
0.924572
0.752824
0.144567
0.107580
-0.662172
0.853163
0.516259
0.519921
-0.859553
-0.566227
0.298370
0.219271
0.709247
0.578147
-0.736510
-0.166703
-0.119464
0.681049
0.248567
0.700092
1.019784
-0.339916
0.580344
-0.095294
0.276398
1.164799
0.070960
1.238405
0.415554
-1.006766
0.245271
-0.102618
-0.039998
-0.139238
-0.053548
0.537133
0.628683
-0.488959
0.176792
0.780655
0.612204
0.322540
0.584372
0.196567
0.098792
0.124792
0.043129
0.532738
0.132116
-0.148759
0.370512
0.655049
0.193637
0.639302
-0.687439
0.247835
-0.562931
0.251131
0.482935
0.559471
0.591330
0.753191
-0.039632
-0.958061
0.416653
0.995615
1.017221
0.130285
-0.225661
0.337920
-0.440987
0.727557
-0.243239
-0.064167
0.194003
0.179722
0.103918
0.423977
-0.445748
-0.908258
0.559837
0.044594
0.555809
0.246370
0.457667
-0.101154
0.708514
-0.859919
-0.492987
0.471583
-0.193070
-0.028646
0.613302
-0.319042
-0.690003
0.708148
-0.091266
0.238680
0.652486
0.094763
-0.321972
0.399808
0.418850
0.578513
0.605246
0.054848
0.825698
0.237581
0.385526
-0.188309
-0.003378
1.480463
0.131017
0.923107
0.126623
0.133581
-0.366282
1.359617
0.101355
-0.542790
-0.538030
0.224398
0.044228
-0.420480
1.165165
-0.665467
-0.269239
0.542626
0.877698
0.116369
0.303131
-0.834652
0.143102
1.261842
0.773332
1.069953
0.922375
1.045784
-0.218704
-0.094196
1.286377
0.871839
0.278229
-0.761778
-0.320873
0.421047
0.230990
0.214877
0.212680
0.407498
-0.150957
1.117925
0.399075
0.806656
0.066566
0.703021
0.343047
0.116003
-0.177323
0.022988
0.581809
-0.347972
0.725726
0.190341
1.190067
0.290680
-1.153245
0.922741
0.586203
-0.046224
-0.042562
0.077918
-1.128710
0.632711
0.179355
0.563499
0.608175
0.200961
0.447414
0.140172
0.118566
0.607443
0.297272
0.706683
0.465358
1.213870
0.328399
-0.491522
0.637105
0.675922
0.562400
-0.172562
-0.069294
0.628316
-0.317211
-0.226028
-0.665101
0.372709
0.897473
-0.616030
-0.196732
0.078284
0.448512
0.218173
-0.153520
1.335082
0.049721
0.299469
0.021890
0.189243
0.154454
0.581077
0.388089
-0.463691
0.611837
0.782120
0.070594
0.408230
-0.519354
0.492090
1.069587
-0.711242
-0.191971
0.076820
0.250032
0.374540
0.255159
0.264680
-0.003012
0.340483
0.558372
0.481470
0.338652
-0.145830
0.683613
0.701556
-0.051717
0.054481
0.421780
-0.688172
0.343413
0.292145
0.008340
0.873304
-0.368479
1.117193
0.177524
-0.138506
0.491724
-0.517889
-0.368113
0.657612
-0.006674
-0.104816
-0.663636
0.687641
-0.067097
0.870741
-0.151323
-1.055470
-0.090900
-0.591129
0.578879
0.145665
-0.445015
-0.323803
0.351469
0.553978
0.615499
0.221102
0.608908
0.536766
0.824966
0.298004
-0.143633
0.926037
0.757219
0.486597
0.165806
0.727190
0.009805
0.399442
0.347075
0.069129
0.901501
0.242708
-0.148393
0.900769
0.470850
0.726092
0.602682
0.272004
1.286011
0.534935
-0.019857
-0.446114
0.228792
0.102820
0.106848
0.755022
0.876966
0.031045
0.507470
0.561302
0.483301
0.099890
0.154088
0.733416
0.410428
-0.189408
0.101721
1.675648
0.659443
-0.141436
-0.029012
0.420315
0.177891
0.417019
-0.713440
-0.163407
0.140538
0.850233
0.466090
0.700824
0.100623
0.376371
0.506372
0.152623
0.677753
-0.885187
0.317413
-0.200394
-0.214309
-0.372141
0.627584
0.142369
1.212771
-0.271803
-0.215774
0.360258
-0.388620
0.070228
0.342681
-0.415719
-0.115069
-0.443917
-0.265211
0.511499
0.711078
0.143834
0.144200
-0.315380
0.291779
0.467921
0.182285
-0.363719
0.829360
0.782853
-0.067829
0.074622
0.007608
-0.000082
0.065834
0.711444
-0.040364
0.320342
0.130651
-0.049519
-0.189774
0.285920
-0.362986
0.223299
-0.587833
0.414456
-0.344310
0.020059
-0.512762
-0.263014
0.753923
-0.540593
-0.246535
-0.174393
0.532006
0.219637
0.754289
-0.592227
-0.070393
-0.469917
0.202060
0.494287
0.778092
-0.565495
-0.221999
0.279328
-0.371775
0.139074
0.118933
0.313751
0.166538
0.750261
-0.787046
-0.140703
0.249300
-0.219070
-0.397409
0.022256
-0.270338
0.945812
1.114996
-0.565129
-1.080372
0.095130
0.488062
0.125158
-0.416452
0.254426
-1.153612
0.201327
0.946910
0.252962
-0.416818
0.079017
0.492456
0.610006
0.080115
-0.015829
0.604880
0.514428
0.034340
-0.078083
-0.341381
0.107214
0.896375
0.677021
-0.025716
-0.264479
-0.299268
0.153355
0.194736
0.776261
0.105017
-0.201858
0.364653
0.164707
0.947276
-0.240676
-0.266310
-0.215408
0.339019
0.338286
-0.091632
0.826064
-0.119097
0.133214
0.734514
-0.247267
0.488794
1.166264
0.095496
0.222201
0.056312
0.192539
-0.981864
-0.023153
0.968516
-0.123492
-0.055012
0.704120
-0.079182
0.733050
1.017953
1.091559
0.755754
0.634176
0.344878
-0.173295
0.996713
0.464625
-0.064900
0.472315
0.244905
0.635640
0.510400
-0.142168
0.339385
-0.007040
0.635274
-0.318310
-0.039266
-0.006308
-0.421945
0.071327
0.948375
0.779557
0.287751
0.083777
0.517724
0.685444
0.239046
0.582908
-0.543157
0.052284
1.042855
0.733782
-0.042928
0.537499
0.456569
0.485132
0.801895
-0.202225
-0.538762
-0.492255
0.460231
0.323638
-0.516790
0.031777
-0.219802
0.390653
0.615133
-1.006399
0.731219
0.106116
-0.517523
0.148595
0.169468
0.972544
-0.418283
-0.094562
0.495020
0.392850
0.824233
0.072059
0.224764
0.579978
0.220370
0.083411
1.383420
-0.487860
0.945079
0.228060
-0.562565
0.109045
-0.024618
0.263948
0.057045
1.068122
0.442287
-0.339183
0.349638
-0.148027
0.441188
0.286652
0.902234
0.636373
0.509668
0.009073
-0.543889
-0.736876
-0.513128
-0.342845
0.191806
0.345244
-0.055379
1.163700
0.467555
0.266145
0.006143
-0.068196
0.302399
-0.860286
0.295441
0.316680
0.531640
-0.566593
0.757951
0.565696
-0.786313
0.514794
-0.122759
-0.441353
0.439357
0.492822
0.150426
0.871473
0.462428
0.540062
1.069221
0.372343
-0.467353
0.301666
0.058876
-0.294141
0.048622
0.925304
0.369047
0.384427
1.190433
0.047524
1.017587
0.921642
0.579612
0.273103
-0.092731
0.042397
1.044686
0.541161
-0.516058
-0.588199
0.874036
-0.300000
0.529809
-0.198929
-0.048787
0.417752
0.638204
0.050087
0.800430
1.090827
-0.367747
0.198032
-0.190872
0.213778
-0.638369
1.042488
0.298737
0.557640
-0.197830
-0.053914
0.946178
-1.055836
-0.223464
0.615866
-0.224197
0.263581
-0.143267
0.466456
0.241243
0.192172
-0.590030
0.172031
0.755388
0.458034
0.393216
0.248201
0.228426
-0.075153
0.438259
-0.369944
-0.044393
-0.248000
-0.089435
-0.563664
0.081214
0.734881
0.170567
0.193271
-0.391550
0.071693
0.684345
-0.217605
-0.714538
0.434231
0.250398
0.872572
-0.465522
-0.090168
-0.174760
0.043495
0.073158
-0.052083
0.027383
0.025185
0.158116
0.220004
-0.065266
0.805557
0.656514
0.590232
0.898206
0.155553
0.437160
0.581443
-0.071491
0.385892
-0.274732
0.460963
1.021249
-0.044759
-0.164506
0.122961
0.020425
0.394315
0.781388
0.776627
0.171299
-0.024984
-0.982596
0.341216
0.239412
0.189975
0.398709
0.376005
-0.238845
0.420681
0.969248
-0.047322
0.052650
0.583274
0.630514
0.391751
0.419949
-0.613467
-0.413888
0.410061
0.277863
-0.067463
0.654683
0.017495
-0.295606
-0.342113
0.544090
0.140905
1.165531
0.995249
-0.413522
0.564598
0.069862
-0.017660
0.709979
0.610739
-0.120196
1.287110
0.339751
0.261018
0.073890
-0.341014
-0.371043
1.334350
0.001749
-0.052815
0.946544
0.393582
0.848769
0.424343
-0.116900
0.375639
0.220736
-0.370677
0.874769
0.174229
0.997812
0.067665
0.077186
-0.346874
-0.030843
0.370878
0.195468
0.269441
0.293976
0.710345
0.151158
-0.047688
0.512231
0.496118
0.271638
-0.123126
-0.811215
-0.239211
-0.100787
-0.958427
-0.069660
0.300201
0.506738
0.685810
0.943981
0.853895
0.304230
1.309814
0.145299
-0.149858
0.996347
0.021523
-0.636904
0.199130
-0.338817
0.556907
-0.193436
-0.178055
0.059974
0.391385
0.658711
-0.514959
0.366484
-0.289380
-0.021322
0.421414
0.637471
0.804825
0.128820
0.237947
0.561668
-0.348705
0.299103
0.276032
0.373441
-0.021688
-0.263746
0.876600
0.383695
-0.177689
0.851332
0.207187
-0.118365
-0.785947
0.055214
0.366117
0.170200
0.053383
-0.786679
0.538597
-0.298901
-0.096027
0.084510
0.480738
0.317047
0.347441
-0.390451
0.058510
-0.169267
0.097693
-0.314282
-0.149126
-0.420846
0.373808
-0.391916
0.531273
0.588034
0.655781
-0.369212
-0.490790
0.222933
-0.128252
0.471949
-0.489325
-0.216506
-0.614566
-0.785581
-0.013998
0.229525
-0.489691
0.243074
0.027749
1.093024
-0.125323
0.018960
-0.176591
0.289582
0.225497
-0.345409
-0.439522
0.278596
0.318878
-0.542058
0.490259
0.367582
0.218905
0.129919
-0.391184
-0.387888
-0.587467
-0.045125
0.295075
-0.221267
-0.639833
-0.323071
0.703754
0.707416
0.827895
-0.664735
0.128088
0.068031
-0.393747
-0.170731
-0.292676
0.324004
-0.152421
-0.043660
1.456660
0.104285
0.092200
-0.147661
-0.018392
0.102454
0.291046
0.680683
0.432766
0.132848
0.002115
0.048256
0.098425
0.828261
-0.222732
-0.488593
-0.167436
0.799698
0.566429
-0.615298
0.150060
0.344512
0.286286
-0.933159
0.230623
0.047890
0.558006
0.826797
-0.388254
0.590598
0.438625
1.090460
0.091834
-0.367015
-0.293042
0.566062
0.147862
0.604147
-0.068562
-0.290845
-0.316845
0.126257
0.317779
0.590964
-0.020956
0.562767
0.804458
-0.662538
1.093390
-0.165238
1.042122
0.758317
-0.055745
0.291413
0.611471
1.407589
0.300568
-0.363353
0.682880
0.066932
0.659077
-0.199661
0.895642
0.326934
-0.063801
-0.265577
0.971079
-0.080280
1.358885
0.489527
1.286744
-0.250929
0.587302
0.606344
0.199863
0.242342
-0.000815
1.236574
0.168003
-0.189041
0.318511
-0.389353
0.314117
-0.567326
0.213412
0.047157
0.202792
0.992685
-0.196365
-0.883722
-0.932793
1.021981
-0.245436
-0.369578
0.167271
0.730120
0.686908
0.303863
0.301300
0.518456
0.490625
-0.091999
0.034707
0.852797
-0.686707
1.504999
1.626943
0.781022
0.516625
0.276765
1.311279
-0.390085
0.849867
0.025552
-0.026083
0.396146
-0.440621
0.465724
0.560569
0.277131
0.851698
0.057411
0.608542
0.151891
-0.194534
0.447780
-0.319409
-0.468452
0.586570
-0.226760
0.254060
-0.193802
-0.687806
-0.116168
-0.543523
0.592063
-0.664003
0.010171
-0.103717
0.850600
0.051552
-1.104541
-0.194901
-0.343578
-0.348338
1.067390
0.535668
0.463160
-0.267408
0.269074
0.337188
0.534203
0.297638
0.141271
0.361357
0.144933
-0.076618
0.272736
0.366850
1.092658
0.334258
0.203158
0.634908
-0.541692
-0.494452
0.217806
0.543724
-0.126421
0.325103
0.484766
1.261476
-0.018026
0.434597
1.041756
0.205356
0.636739
-0.470283
-0.115435
0.386258
-0.098590
0.682148
0.824599
0.757585
0.749895
0.076453
0.709613
0.700458
0.560203
-0.414987
-0.514227
0.386991
0.973277
1.164433
0.253694
0.265779
0.099158
-0.785215
-0.198196
0.237215
-0.052449
0.486963
0.341948
-1.177781
0.969615
-0.250197
0.157750
0.679584
-0.242873
-0.004477
0.280060
0.174961
0.078651
0.264314
-0.127154
-0.123858
0.107947
0.129186
0.216342
0.003580
-0.414621
-0.612735
0.041664
-0.244704
0.028481
0.274934
0.609274
0.530907
0.352568
-0.439156
-0.195267
-0.271070
0.048988
0.180820
-0.128619
0.082679
1.238039
0.875135
0.096594
-0.568058
0.238314
-0.138872
-0.466255
0.828994
0.830092
0.734148
0.277497
0.392118
0.538964
0.313018
0.408597
0.686542
0.024819
0.485498
0.342314
0.043862
0.203525
0.230257
-0.320141
0.944713
0.010537
-0.563298
-0.243971
-0.248366
0.370146
1.114630
-0.241408
0.637838
0.543358
-0.273634
0.509301
0.468653
0.483667
0.534569
-0.150590
0.658345
0.053749
0.004678
0.630880
0.567893
0.167637
0.270539
0.124426
-0.044026
-0.071858
0.972178
0.806289
0.294342
0.250764
0.726824
0.469386
0.398343
-0.469184
-0.166337
-0.096759
0.289215
0.685077
0.994882
0.046059
-0.143999
0.607809
0.365385
0.032509
0.469020
0.024087
0.431667
0.710711
0.328033
-0.835384
1.529534
0.273469
0.563865
0.206820
0.802261
0.589133
0.350737
0.707049
0.002481
-0.421212
-0.417550
-0.297070
-0.195633
0.188510
0.781754
0.530175
1.140630
0.127355
-0.174027
0.072425
0.395780
-0.077717
0.898572
0.919445
0.663472
0.655415
0.090369
0.369779
0.822036
0.970347
-0.046590
0.262117
0.300934
-0.444283
0.253328
0.725359
0.147130
-0.117633
-0.002280
0.410794
-0.296704
0.073524
-0.075520
-0.220535
0.759050
0.206088
0.236849
0.033242
0.687275
0.117102
-0.566960
0.389554
0.756120
-0.298169
-0.124957
0.681782
-0.000449
-0.119830
-0.686341
1.045418
1.066658
0.106482
0.324737
0.627218
0.326568
1.189334
0.079749
-0.288282
0.900403
-0.320507
1.212405
0.046791
-0.031576
-0.366648
-0.197464
-0.513494
0.116735
-0.042195
-0.165971
0.312652
-0.442086
0.495752
-0.465888
0.369413
0.798599
0.388822
0.243440
0.203891
0.471217
0.266511
0.797501
-0.023519
0.178989
0.657246
0.221835
0.248933
0.240511
-0.537664
-0.076984
-0.518621
0.701190
0.800064
0.948009
0.559105
-0.810849
0.075355
0.352202
-0.365184
-0.019125
-0.093830
0.024453
-0.027914
-0.017294
0.095862
0.351103
0.606711
0.227694
-0.102985
0.293244
0.320709
0.922009
1.505365
-0.957695
-0.394846
-0.438057
-0.146196
-0.089801
-0.272169
0.243807
-0.268141
1.188236
0.705585
0.125890
-0.093097
0.660542
-0.343944
0.324371
-0.164140
0.132482
0.108313
-0.275098
0.920544
0.343779
-0.220901
0.468287
0.532372
0.035439
-0.564396
-0.273267
0.659810
-0.516424
0.823135
0.777360
0.045326
0.775163
-0.197098
0.969981
0.042031
0.684711
-0.538396
0.678486
0.102087
0.705218
0.585471
0.872938
0.091101
0.325835
-0.274366
0.001382
0.131383
-0.222366
0.302765
0.921276
-0.589298
-0.661805
0.252595
0.724993
-0.787778
-0.590763
1.091193
-0.014730
0.511132
0.029946
-0.490058
0.702655
0.802627
1.141728
0.293610
-0.640200
0.336089
0.100989
0.092932
0.682514
-0.192703
-0.488227
0.412259
-0.738707
0.407864
0.270905
-0.442818
0.103552
-0.367381
0.389920
0.296539
0.493189
0.336455
-0.415353
-0.054646
0.244539
-0.244338
0.732317
-0.564762
-0.089069
0.365751
0.629781
-0.737975
-0.151689
-0.859187
0.823867
0.408963
0.397611
-0.638002
0.751726
0.157017
0.633077
0.970713
-0.445381
-0.139605
-0.172929
-0.860652
0.924206
0.119299
0.662007
0.489893
0.827163
0.540428
-0.095661
0.945445
-0.908624
1.019418
1.043953
0.901135
0.702289
1.262208
0.541893
1.021615
0.626852
0.510766
0.375272
0.680317
0.347807
-0.515692
-0.125689
0.591696
0.194370
0.895276
0.489160
-0.249831
0.949107
0.495386
-0.066731
0.411160
-0.120562
0.443752
-0.173661
0.556541
-0.122027
1.141362
-0.295972
0.117468
-0.294873
-0.390818
1.116461
0.460597
0.229891
0.139440
-0.340648
-0.811947
-0.313549
-0.267774
0.728655
0.302032
-0.438424
-0.639467
-0.221633
-0.019491
0.728289
-0.269972
0.486231
0.025918
-0.140337
-0.615664
-0.641298
-0.590396
0.631612
0.805191
1.116094
0.920178
0.803360
0.414090
-1.275556
-0.466621
0.653950
0.348540
1.067024
-0.494086
-0.241774
0.359526
-0.020223
-0.957329
0.580710
0.847670
0.435695
-0.152788
0.415921
-0.318676
0.098059
-0.238112
0.268708
0.662373
-0.213577
-0.030111
0.972910
0.373075
0.437893
-0.835750
-0.439888
0.097327
0.533471
-0.517156
0.345610
0.122228
0.993051
0.777726
-0.414254
-0.291211
0.142736
0.310455
0.663105
0.274567
1.068855
0.176426
1.117559
0.968882
-0.322704
0.358793
0.362089
0.348174
0.275666
-0.417916
0.704852
1.045052
0.081580
0.275300
0.149693
0.346709
0.173862
0.371244
-0.264112
-0.051350
0.878065
-0.343212
0.146764
0.240145
0.030312
0.579246
-0.313916
0.457301
-0.268873
-0.226394
0.706317
0.247102
0.854262
-0.469550
0.120031
0.017861
-0.150224
0.198764
0.204989
-0.291577
0.731585
0.494653
0.852431
-0.146928
-0.265943
-0.317944
0.752092
0.169834
0.512963
0.798233
0.848402
0.067298
0.199496
-0.714172
-0.025350
0.066200
1.578239
0.261384
-0.164872
0.582541
-0.239943
0.315948
-0.365916
0.900037
0.563133
-0.029745
0.797867
0.092566
-0.368846
0.361723
-0.314648
-0.443184
0.099524
-0.072590
-0.022054
1.188602
-0.079548
0.156651
0.382963
0.028847
0.456935
0.190708
0.897839
0.139806
-0.020590
0.681415
0.459132
0.433132
0.876234
1.067756
0.729021
0.117834
-0.224563
0.496484
-0.214675
0.165074
0.487696
0.584739
0.029214
-0.002646
-0.073322
-0.316113
0.146031
0.386625
0.077552
0.444484
0.050819
-0.118731
-0.736144
-0.005942
0.009439
0.247469
0.204623
-0.101886
-0.467719
0.125524
-0.884455
0.686176
0.484400
0.166172
-0.041097
0.154820
0.949840
0.042763
0.263215
0.316314
-0.176957
0.749162
-0.565861
0.463527
0.560936
1.068489
-0.076252
0.360624
0.182651
0.394681
0.321807
0.296173
0.553612
0.240877
-0.338085
-0.518255
0.091468
0.516992
-0.213943
0.443386
0.246004
0.083045
0.315216
0.018228
0.657979
-0.126788
-0.146562
-0.419381
0.539330
-0.464424
0.438991
-0.293775
0.359892
0.080482
0.775529
-0.592594
0.389188
0.059242
1.310547
-0.124590
0.175693
-0.465156
1.358519
-0.347606
0.901868
-0.216873
0.173496
0.555443
-0.440255
0.244173
0.215243
0.556175
-0.219436
0.633809
0.206454
0.412991
-0.419747
-0.539495
0.801529
0.555076
0.019326
0.614767
0.105383
0.589499
1.285645
1.213137
0.519555
0.482569
1.019052
0.023721
-0.191239
1.116827
0.001016
-0.613833
0.045693
0.315582
-0.322338
0.255525
0.044960
0.731951
0.035073
-0.097125
-0.442452
0.279694
0.634542
-0.712707
0.651387
0.169102
1.432125
0.289948
0.445949
0.537865
0.272370
0.826430
0.189609
-0.392649
1.310180
0.334990
0.321441
0.849135
-0.113971
1.236940
1.091925
0.337554
0.018594
0.049355
-0.491889
0.000650
0.418118
0.507104
0.226229
0.924938
0.828628
-0.200760
-0.462959
-0.297803
-0.004111
0.753557
0.335357
-0.223830
0.439724
0.121130
-0.103351
-0.614199
0.505273
0.778458
0.149327
-0.444649
-0.065998
1.359251
-0.074787
0.131750
0.310821
0.554710
0.798965
-0.070759
0.419583
0.273835
-0.175858
-0.713806
0.268342
-0.117999
0.846571
0.181919
0.346343
0.611105
0.055946
-0.315014
0.613668
1.142095
-0.664369
0.469752
0.053017
0.123693
-0.396311
0.046425
0.774796
0.262483
1.092291
0.363554
0.387357
0.513696
-0.246169
0.612570
0.371610
-0.075886
-0.098956
-0.001547
-0.396677
0.506006
-0.638735
0.508569
0.008706
-0.167802
0.390287
-0.493353
-0.319775
-0.321606
0.163609
0.419216
0.803726
-0.045491
0.754655
-0.290479
0.105749
-0.027547
-0.316479
1.020516
0.874403
0.491358
0.705951
0.678120
-0.689270
0.487329
1.044319
0.518090
0.314483
0.464259
-0.001181
0.156285
0.213046
0.583640
0.170933
0.653218
-0.152055
-0.687073
0.096961
0.387723
0.054115
0.605978
-0.591495
0.589865
0.587668
1.115362
0.782486
-0.388987
-0.145464
0.224032
0.774064
-0.347240
0.441555
0.490991
-0.149492
0.197665
-0.982230
0.397977
-0.096393
-0.056111
0.115271
0.027016
-0.245070
-0.762876
0.565330
-0.420114
-0.079914
0.752458
0.554344
-0.246901
0.877332
0.822402
0.515161
-0.884821
0.493555
0.512597
-0.050984
-0.418649
-0.270704
0.266877
-0.393381
-0.272535
0.703387
-0.116534
0.202426
0.057777
0.148961
-0.290113
0.897107
-0.242140
-0.372874
0.632345
-0.612002
-0.241042
0.178257
0.823501
0.221468
-0.542424
0.424709
0.191440
0.396878
0.564231
0.529442
-0.224929
-0.030477
-0.088703
0.445583
-0.144365
0.362455
1.139531
-0.763243
1.431759
0.749529
0.630147
0.639669
0.215609
0.371977
0.191074
0.229159
-0.443550
-0.665834
-0.248732
0.829726
0.323272
0.461696
0.215975
-0.395944
-0.413156
0.187778
-1.007132
-0.313183
-0.637270
-0.540227
0.383329
0.006509
-0.142900
0.006875
0.707782
0.368315
0.412625
0.270173
0.584006
-0.288648
-0.074421
-0.738341
0.223666
-0.216140
0.993418
0.520654
-0.070027
0.051186
0.464991
0.726458
-0.048055
0.971812
-0.438790
-0.640566
0.212313
0.231356
-0.175126
0.391019
-0.564030
0.540795
0.825332
0.384794
0.730852
0.656148
-0.172196
0.774430
0.444118
0.732683
-0.884089
0.226595
1.043221
0.311920
-0.809750
-0.071125
-0.073689
0.143468
0.603781
0.660176
0.115637
-0.466987
-0.340282
0.993784
0.481836
0.875867
0.656880
0.585837
0.413357
0.141637
-0.098224
1.093756
0.021157
-0.735778
0.090735
-0.097858
-0.317578
0.345976
-0.223098
-0.338451
0.072791
-0.909723
-0.120928
0.515527
-0.491156
0.852064
-0.711975
0.217074
-0.364817
1.335448
0.751360
-0.323437
0.174595
0.538231
0.002847
0.517358
0.103186
-0.077351
0.735247
0.445217
-0.102252
1.261110
-0.040731
0.779923
-0.171830
0.314849
-0.068928
0.168736
-0.049886
0.269807
1.043587
-1.080005
-0.393015
0.518823
0.519189
0.059608
0.850966
1.432491
-0.169633
0.557274
0.261750
-0.490424
1.020883
0.414822
-0.835018
0.853529
0.488428
0.374906
1.139897
0.440822
-0.587101
-0.298535
0.334624
0.994516
0.505639
0.325469
0.660908
1.115728
-0.121295
0.030678
0.395047
-0.165605
0.128454
-0.787412
0.200595
1.383054
-0.217239
0.610373
-0.094928
-0.200027
-0.296338
-0.267042
-0.190506
-0.245802
0.152989
0.654317
-1.129076
0.003213
-0.371409
0.514062
0.493921
0.245638
0.267243
-0.346507
0.541527
-0.100055
0.155919
-0.022421
0.397244
0.104651
-0.190140
0.944347
0.470118
-0.194168
-0.292310
-0.041463
0.683246
0.629415
-0.513861
0.362822
0.627950
-0.041829
0.359160
-0.097492
0.017129
0.163975
0.409329
0.436428
0.296906
0.033608
0.482203
0.349272
0.311554
-0.761412
-0.737609
-0.171464
-0.144731
0.075721
-0.364451
0.730486
0.173130
-0.004843
-0.616397
0.262849
0.775895
0.609640
0.539696
0.168369
0.093665
0.108679
1.164067
-0.321240
-0.370310
0.415188
0.508203
0.192905
0.729754
-0.104449
-0.250563
0.127721
-0.419015
0.470484
1.165898
-0.637636
-0.124224
0.567527
0.313385
0.351836
0.094397
-0.810482
0.848036
0.511865
0.251497
0.023354
0.319976
1.018685
0.172398
0.295807
0.536400
-0.541326
0.121862
0.201694
1.187870
0.310089
0.847304
-0.737243
-0.518987
-0.342479
0.367948
0.872205
0.094031
0.056679
0.335723
0.368681
-0.046956
0.446315
0.662739
-0.101520
0.458766
0.513330
0.188877
0.614035
-0.168168
0.214144
-0.024252
0.440090
0.899670
-0.372508
0.172764
-0.163774
0.923840
0.485865
-0.117266
-0.141802
0.155186
0.896741
0.217440
-0.247633
0.020791
0.780289
0.436062
-0.612368
0.481104
-0.142534
0.544457
1.456294
-0.043294
0.997080
0.288483
-0.005209
0.447048
0.948741
0.463893
0.458400
1.602408
-0.421578
-0.074055
0.603049
0.484034
-0.121661
0.350371
0.638936
0.432033
-0.492621
0.919811
0.147496
0.949474
0.724627
0.226961
0.661641
0.364286
0.585105
0.510034
-0.933526
1.065925
0.384061
-0.168900
0.032143
-0.341747
0.566795
0.312286
0.319610
-0.762510
0.435329
0.849501
-0.494818
0.677387
0.727923
-0.909356
-0.191605
0.778824
-0.933892
-0.268507
-0.050252
0.729388
0.252229
-0.066365
-0.048421
-0.295239
-0.663270
-0.908990
0.535302
1.237673
1.334716
0.123327
0.367216
0.779191
-0.092365
-0.417184
-0.712341
0.676655
0.433864
-0.540959
0.896008
0.120764
0.827529
0.080848
-0.005575
0.800796
0.631246
0.423611
0.997446
-0.171098
0.096228
0.422512
-0.195999
0.417385
-0.153154
0.875501
-0.126055
-0.141069
0.708880
-0.213211
0.074989
0.176060
0.326202
1.066291
0.007242
0.588767
-0.263380
1.213504
1.310913
0.177158
0.321075
-0.299634
-0.022787
-0.394113
0.288849
-0.468818
0.151524
-0.392282
0.150792
0.411892
-0.023885
0.638570
0.567161
-0.147295
0.536034
-0.054280
-0.215042
0.995981
-0.464790
1.407956
0.603415
0.299835
0.005044
-0.249098
-0.468086
0.126989
0.285553
-0.050618
1.188968
-0.539128
-0.711609
-0.242507
-0.188675
0.456203
-0.266676
-0.031209
0.830459
0.093299
0.568260
-0.016561
0.446681
0.157384
1.139165
-0.339550
0.925671
-0.090534
0.200229
0.418484
0.448146
0.322906
0.400174
0.533104
0.923473
0.309723
0.994150
0.530541
1.383787
0.303497
-0.272901
0.100256
-0.049153
0.462062
-0.243605
0.395413
0.363920
-0.072224
-0.122393
0.350005
0.462794
-1.202316
0.614401
0.564964
-0.389719
0.773698
0.265412
0.558738
0.750993
-0.345043
-0.810116
0.388456
0.327666
-0.238478
-0.038900
-0.274000
0.652852
-0.567692
0.392484
0.079383
0.032876
-0.104083
0.515893
-0.271436
-0.078449
0.118200
0.444850
-0.464057
0.254793
0.636007
0.033974
0.022622
0.003946
0.376737
0.322173
-0.217971
0.799332
0.750627
0.004312
-0.514593
0.437526
0.562034
0.287018
0.442653
0.114904
0.165440
0.028115
-0.470649
0.344145
0.327300
0.166905
1.189701
0.871107
0.251863
0.274201
0.899304
0.000284
0.683979
0.241976
-0.027181
0.195834
0.365019
0.679218
0.216708
0.520287
0.225130
0.396512
0.120397
-0.441719
0.265046
1.018319
0.631978
0.068763
-0.762144
0.181553
0.805923
0.196933
0.434963
-0.139971
-0.145098
-0.688538
0.802994
0.873670
0.146398
-0.072956
0.612936
0.026284
-0.394480
0.758684
-0.515325
0.197299
0.582175
-1.031301
1.140264
0.586936
0.076087
0.278962
1.553703
0.704486
0.459498
-0.026449
-0.616763
-0.015463
0.433498
-0.395212
0.416287
0.205722
0.472681
0.290314
1.237307
-0.811581
0.218539
-0.613101
0.225863
-0.045857
1.214236
0.748796
0.287384
-0.016928
0.267976
0.341582
0.005777
-0.588565
0.920910
-0.115802
0.246736
-0.001913
0.363188
0.846938
0.804092
-0.114337
-0.239577
-0.029378
0.360991
0.604513
0.974009
-0.114703
-1.030935
0.249666
0.393949
0.198398
0.029580
0.947643
-0.064534
0.653584
0.288117
-0.100421
-0.167069
0.340117
-0.198563
0.292877
0.776993
0.504907
-0.016195
-0.026815
-0.099323
-0.293408
-0.099689
-0.225295
-0.028280
0.153722
-0.264845
0.051918
-0.201126
-0.003744
-0.639101
-0.289746
0.443019
-0.344676
-0.018759
0.204257
-0.688904
1.262574
0.082313
0.222567
-0.127886
-0.836483
0.074256
0.467189
-0.176224
-0.169999
0.227328
0.119665
0.633443
0.195102
-0.640932
0.898938
0.459865
0.507837
0.318145
0.423245
0.508935
-0.175492
-0.463325
0.152257
-0.113604
-0.760679
0.971446
-0.539861
-0.614932
-0.240309
0.661274
0.188144
0.605612
0.413723
0.422878
-0.689637
-0.275465
-0.397043
0.466822
-0.218337
0.007974
-0.346141
0.081946
-0.395578
0.084144
0.058143
0.336821
0.121496
-0.589664
0.436794
0.319244
0.756486
-0.345775
0.607077
0.756853
1.020150
0.461329
0.675556
0.973643
-0.297437
0.069496
0.441921
0.533837
-0.324169
-0.493720
0.175327
-0.365550
0.440456
-0.127520
0.679951
0.267610
0.801163
0.171665
-0.170365
0.701923
-0.249464
-1.251021
0.311187
0.294708
-0.416085
0.124059
-0.220168
1.140996
0.050453
0.340850
0.374174
0.542992
0.292511
-0.014364
-0.192337
0.588401
0.196201
0.422146
1.480829
-0.836116
0.019692
-0.053181
-0.078815
0.178623
-0.713073
0.142003
-0.588932
0.129552
0.068397
0.005411
-0.128985
0.542259
-0.291944
0.678852
0.676289
0.409695
0.164341
0.651753
-0.015097
-0.294507
0.400540
-1.031667
0.348906
-0.065632
-0.315747
0.652119
0.122595
-0.199295
0.241609
0.432400
-0.591861
-0.201492
0.411526
0.180454
0.822768
0.055580
-0.093463
0.148229
0.629049
0.181186
-0.168534
-0.364085
-0.289014
0.385160
0.271272
-0.662904
-0.761046
0.180088
0.031411
0.239778
-0.269605
0.026650
0.214511
0.924572
0.752824
0.144567
0.107580
-0.662172
0.853163
0.516259
0.519921
-0.859553
-0.566227
0.298370
0.219271
0.709247
0.578147
-0.736510
-0.166703
-0.119464
0.681049
0.248567
0.700092
1.019784
-0.339916
0.580344
-0.095294
0.276398
1.164799
0.070960
1.238405
0.415554
-1.006766
0.245271
-0.102618
-0.039998
-0.139238
-0.053548
0.537133
0.628683
-0.488959
0.176792
0.780655
0.612204
0.322540
0.584372
0.196567
0.098792
0.124792
0.043129
0.532738
0.132116
-0.148759
0.370512
0.655049
0.193637
0.639302
-0.687439
0.247835
-0.562931
0.251131
0.482935
0.559471
0.591330
0.753191
-0.039632
-0.958061
0.416653
0.995615
1.017221
0.130285
-0.225661
0.337920
-0.440987
0.727557
-0.243239
-0.064167
0.194003
0.179722
0.103918
0.423977
-0.445748
-0.908258
0.559837
0.044594
0.555809
0.246370
0.457667
-0.101154
0.708514
-0.859919
-0.492987
0.471583
-0.193070
-0.028646
0.613302
-0.319042
-0.690003
0.708148
-0.091266
0.238680
0.652486
0.094763
-0.321972
0.399808
0.418850
0.578513
0.605246
0.054848
0.825698
0.237581
0.385526
-0.188309
-0.003378
1.480463
0.131017
0.923107
0.126623
0.133581
-0.366282
1.359617
0.101355
-0.542790
-0.538030
0.224398
0.044228
-0.420480
1.165165
-0.665467
-0.269239
0.542626
0.877698
0.116369
0.303131
-0.834652
0.143102
1.261842
0.773332
1.069953
0.922375
1.045784
-0.218704
-0.094196
1.286377
0.871839
0.278229
-0.761778
-0.320873
0.421047
0.230990
0.214877
0.212680
0.407498
-0.150957
1.117925
0.399075
0.806656
0.066566
0.703021
0.343047
0.116003
-0.177323
0.022988
0.581809
-0.347972
0.725726
0.190341
1.190067
0.290680
-1.153245
0.922741
0.586203
-0.046224
-0.042562
0.077918
-1.128710
0.632711
0.179355
0.563499
0.608175
0.200961
0.447414
0.140172
0.118566
0.607443
0.297272
0.706683
0.465358
1.213870
0.328399
-0.491522
0.637105
0.675922
0.562400
-0.172562
-0.069294
0.628316
-0.317211
-0.226028
-0.665101
0.372709
0.897473
-0.616030
-0.196732
0.078284
0.448512
0.218173
-0.153520
1.335082
0.049721
0.299469
0.021890
0.189243
0.154454
0.581077
0.388089
-0.463691
0.611837
0.782120
0.070594
0.408230
-0.519354
0.492090
1.069587
-0.711242
-0.191971
0.076820
0.250032
0.374540
0.255159
0.264680
-0.003012
0.340483
0.558372
0.481470
0.338652
-0.145830
0.683613
0.701556
-0.051717
0.054481
0.421780
-0.688172
0.343413
0.292145
0.008340
0.873304
-0.368479
1.117193
0.177524
-0.138506
0.491724
-0.517889
-0.368113
0.657612
-0.006674
-0.104816
-0.663636
0.687641
-0.067097
0.870741
-0.151323
-1.055470
-0.090900
-0.591129
0.578879
0.145665
-0.445015
-0.323803
0.351469
0.553978
0.615499
0.221102
0.608908
0.536766
0.824966
0.298004
-0.143633
0.926037
0.757219
0.486597
0.165806
0.727190
0.009805
0.399442
0.347075
0.069129
0.901501
0.242708
-0.148393
0.900769
0.470850
0.726092
0.602682
0.272004
1.286011
0.534935
-0.019857
-0.446114
0.228792
0.102820
0.106848
0.755022
0.876966
0.031045
0.507470
0.561302
0.483301
0.099890
0.154088
0.733416
0.410428
-0.189408
0.101721
1.675648
0.659443
-0.141436
-0.029012
0.420315
0.177891
0.417019
-0.713440
-0.163407
0.140538
0.850233
0.466090
0.700824
0.100623
0.376371
0.506372
0.152623
0.677753
-0.885187
0.317413
-0.200394
-0.214309
-0.372141
0.627584
0.142369
1.212771
-0.271803
-0.215774
0.360258
-0.388620
0.070228
0.342681
-0.415719
-0.115069
-0.443917
-0.265211
0.511499
0.711078
0.143834
0.144200
-0.315380
0.291779
0.467921
0.182285
-0.363719
0.829360
0.782853
-0.067829
0.074622
0.007608
-0.000082
0.065834
0.711444
-0.040364
0.320342
0.130651
-0.049519
-0.189774
0.285920
-0.362986
0.223299
-0.587833
0.414456
-0.344310
0.020059
-0.512762
-0.263014
0.753923
-0.540593
-0.246535
-0.174393
0.532006
0.219637
0.754289
-0.592227
-0.070393
-0.469917
0.202060
0.494287
0.778092
-0.565495
-0.221999
0.279328
-0.371775
0.139074
0.118933
0.313751
0.166538
0.750261
-0.787046
-0.140703
0.249300
-0.219070
-0.397409
0.022256
-0.270338
0.945812
1.114996
-0.565129
-1.080372
0.095130
0.488062
0.125158
-0.416452
0.254426
-1.153612
0.201327
0.946910
0.252962
-0.416818
0.079017
0.492456
0.610006
0.080115
-0.015829
0.604880
0.514428
0.034340
-0.078083
-0.341381
0.107214
0.896375
0.677021
-0.025716
-0.264479
-0.299268
0.153355
0.194736
0.776261
0.105017
-0.201858
0.364653
0.164707
0.947276
-0.240676
-0.266310
-0.215408
0.339019
0.338286
-0.091632
0.826064
-0.119097
0.133214
0.734514
-0.247267
0.488794
1.166264
0.095496
0.222201
0.056312
0.192539
-0.981864
-0.023153
0.968516
-0.123492
-0.055012
0.704120
-0.079182
0.733050
1.017953
1.091559
0.755754
0.634176
0.344878
-0.173295
0.996713
0.464625
-0.064900
0.472315
0.244905
0.635640
0.510400
-0.142168
0.339385
-0.007040
0.635274
-0.318310
-0.039266
-0.006308
-0.421945
0.071327
0.948375
0.779557
0.287751
0.083777
0.517724
0.685444
0.239046
0.582908
-0.543157
0.052284
1.042855
0.733782
-0.042928
0.537499
0.456569
0.485132
0.801895
-0.202225
-0.538762
-0.492255
0.460231
0.323638
-0.516790
0.031777
-0.219802
0.390653
0.615133
-1.006399
0.731219
0.106116
-0.517523
0.148595
0.169468
0.972544
-0.418283
-0.094562
0.495020
0.392850
0.824233
0.072059
0.224764
0.579978
0.220370
0.083411
1.383420
-0.487860
0.945079
0.228060
-0.562565
0.109045
-0.024618
0.263948
0.057045
1.068122
0.442287
-0.339183
0.349638
-0.148027
0.441188
0.286652
0.902234
0.636373
0.509668
0.009073
-0.543889
-0.736876
-0.513128
-0.342845
0.191806
0.345244
-0.055379
1.163700
0.467555
0.266145
0.006143
-0.068196
0.302399
-0.860286
0.295441
0.316680
0.531640
-0.566593
0.757951
0.565696
-0.786313
0.514794
-0.122759
-0.441353
0.439357
0.492822
0.150426
0.871473
0.462428
0.540062
1.069221
0.372343
-0.467353
0.301666
0.058876
-0.294141
0.048622
0.925304
0.369047
0.384427
1.190433
0.047524
1.017587
0.921642
0.579612
0.273103
-0.092731
0.042397
1.044686
0.541161
-0.516058
-0.588199
0.874036
-0.300000
0.529809
-0.198929
-0.048787
0.417752
0.638204
0.050087
0.800430
1.090827
-0.367747
0.198032
-0.190872
0.213778
-0.638369
1.042488
0.298737
0.557640
-0.197830
-0.053914
0.946178
-1.055836
-0.223464
0.615866
-0.224197
0.263581
-0.143267
0.466456
0.241243
0.192172
-0.590030
0.172031
0.755388
0.458034
0.393216
0.248201
0.228426
-0.075153
0.438259
-0.369944
-0.044393
-0.248000
-0.089435
-0.563664
0.081214
0.734881
0.170567
0.193271
-0.391550
0.071693
0.684345
-0.217605
-0.714538
0.434231
0.250398
0.872572
-0.465522
-0.090168
-0.174760
0.043495
0.073158
-0.052083
0.027383
0.025185
0.158116
0.220004
-0.065266
0.805557
0.656514
0.590232
0.898206
0.155553
0.437160
0.581443
-0.071491
0.385892
-0.274732
0.460963
1.021249
-0.044759
-0.164506
0.122961
0.020425
0.394315
0.781388
0.776627
0.171299
-0.024984
-0.982596
0.341216
0.239412
0.189975
0.398709
0.376005
-0.238845
0.420681
0.969248
-0.047322
0.052650
0.583274
0.630514
0.391751
0.419949
-0.613467
-0.413888
0.410061
0.277863
-0.067463
0.654683
0.017495
-0.295606
-0.342113
0.544090
0.140905
1.165531
0.995249
-0.413522
0.564598
0.069862
-0.017660
0.709979
0.610739
-0.120196
1.287110
0.339751
0.261018
0.073890
-0.341014
-0.371043
1.334350
0.001749
-0.052815
0.946544
0.393582
0.848769
0.424343
-0.116900
0.375639
0.220736
-0.370677
0.874769
0.174229
0.997812
0.067665
0.077186
-0.346874
-0.030843
0.370878
0.195468
0.269441
0.293976
0.710345
0.151158
-0.047688
0.512231
0.496118
0.271638
-0.123126
-0.811215
-0.239211
-0.100787
-0.958427
-0.069660
0.300201
0.506738
0.685810
0.943981
0.853895
0.304230
1.309814
0.145299
-0.149858
0.996347
0.021523
-0.636904
0.199130
-0.338817
0.556907
-0.193436
-0.178055
0.059974
0.391385
0.658711
-0.514959
0.366484
-0.289380
-0.021322
0.421414
0.637471
0.804825
0.128820
0.237947
0.561668
-0.348705
0.299103
0.276032
0.373441
-0.021688
-0.263746
0.876600
0.383695
-0.177689
0.851332
0.207187
-0.118365
-0.785947
0.055214
0.366117
0.170200
0.053383
-0.786679
0.538597
-0.298901
-0.096027
0.084510
0.480738
0.317047
0.347441
-0.390451
0.058510
-0.169267
0.097693
-0.314282
-0.149126
-0.420846
0.373808
-0.391916
0.531273
0.588034
0.655781
-0.369212
-0.490790
0.222933
-0.128252
0.471949
-0.489325
-0.216506
-0.614566
-0.785581
-0.013998
0.229525
-0.489691
0.243074
0.027749
1.093024
-0.125323
0.018960
-0.176591
0.289582
0.225497
-0.345409
-0.439522
0.278596
0.318878
-0.542058
0.490259
0.367582
0.218905
0.129919
-0.391184
-0.387888
-0.587467
-0.045125
0.295075
-0.221267
-0.639833
-0.323071
0.703754
0.707416
0.827895
-0.664735
0.128088
0.068031
-0.393747
-0.170731
-0.292676
0.324004
-0.152421
-0.043660
1.456660
0.104285
0.092200
-0.147661
-0.018392
0.102454
0.291046
0.680683
0.432766
0.132848
0.002115
0.048256
0.098425
0.828261
-0.222732
-0.488593
-0.167436
0.799698
0.566429
-0.615298
0.150060
0.344512
0.286286
-0.933159
0.230623
0.047890
0.558006
0.826797
-0.388254
0.590598
0.438625
1.090460
0.091834
-0.367015
-0.293042
0.566062
0.147862
0.604147
-0.068562
-0.290845
-0.316845
0.126257
0.317779
0.590964
-0.020956
0.562767
0.804458
-0.662538
1.093390
-0.165238
1.042122
0.758317
-0.055745
0.291413
0.611471
1.407589
0.300568
-0.363353
0.682880
0.066932
0.659077
-0.199661
0.895642
0.326934
-0.063801
-0.265577
0.971079
-0.080280
1.358885
0.489527
1.286744
-0.250929
0.587302
0.606344
0.199863
0.242342
-0.000815
1.236574
0.168003
-0.189041
0.318511
-0.389353
0.314117
-0.567326
0.213412
0.047157
0.202792
0.992685
-0.196365
-0.883722
-0.932793
1.021981
-0.245436
-0.369578
0.167271
0.730120
0.686908
0.303863
0.301300
0.518456
0.490625
-0.091999
0.034707
0.852797
-0.686707
1.504999
1.626943
0.781022
0.516625
0.276765
1.311279
-0.390085
0.849867
0.025552
-0.026083
0.396146
-0.440621
0.465724
0.560569
0.277131
0.851698
0.057411
0.608542
0.151891
-0.194534
0.447780
-0.319409
-0.468452
0.586570
-0.226760
0.254060
-0.193802
-0.687806
-0.116168
-0.543523
0.592063
-0.664003
0.010171
-0.103717
0.850600
0.051552
-1.104541
-0.194901
-0.343578
-0.348338
1.067390
0.535668
0.463160
-0.267408
0.269074
0.337188
0.534203
0.297638
0.141271
0.361357
0.144933
-0.076618
0.272736
0.366850
1.092658
0.334258
0.203158
0.634908
-0.541692
-0.494452
0.217806
0.543724
-0.126421
0.325103
0.484766
1.261476
-0.018026
0.434597
1.041756
0.205356
0.636739
-0.470283
-0.115435
0.386258
-0.098590
0.682148
0.824599
0.757585
0.749895
0.076453
0.709613
0.700458
0.560203
-0.414987
-0.514227
0.386991
0.973277
1.164433
0.253694
0.265779
0.099158
-0.785215
-0.198196
0.237215
-0.052449
0.486963
0.341948
-1.177781
0.969615
-0.250197
0.157750
0.679584
-0.242873
-0.004477
0.280060
0.174961
0.078651
0.264314
-0.127154
-0.123858
0.107947
0.129186
0.216342
0.003580
-0.414621
-0.612735
0.041664
-0.244704
0.028481
0.274934
0.609274
0.530907
0.352568
-0.439156
-0.195267
-0.271070
0.048988
0.180820
-0.128619
0.082679
1.238039
0.875135
0.096594
-0.568058
0.238314
-0.138872
-0.466255
0.828994
0.830092
0.734148
0.277497
0.392118
0.538964
0.313018
0.408597
0.686542
0.024819
0.485498
0.342314
0.043862
0.203525
0.230257
-0.320141
0.944713
0.010537
-0.563298
-0.243971
-0.248366
0.370146
1.114630
-0.241408
0.637838
0.543358
-0.273634
0.509301
0.468653
0.483667
0.534569
-0.150590
0.658345
0.053749
0.004678
0.630880
0.567893
0.167637
0.270539
0.124426
-0.044026
-0.071858
0.972178
0.806289
0.294342
0.250764
0.726824
0.469386
0.398343
-0.469184
-0.166337
-0.096759
0.289215
0.685077
0.994882
0.046059
-0.143999
0.607809
0.365385
0.032509
0.469020
0.024087
0.431667
0.710711
0.328033
-0.835384
1.529534
0.273469
0.563865
0.206820
0.802261
0.589133
0.350737
0.707049
0.002481
-0.421212
-0.417550
-0.297070
-0.195633
0.188510
0.781754
0.530175
1.140630
0.127355
-0.174027
0.072425
0.395780
-0.077717
0.898572
0.919445
0.663472
0.655415
0.090369
0.369779
0.822036
0.970347
-0.046590
0.262117
0.300934
-0.444283
0.253328
0.725359
0.147130
-0.117633
-0.002280
0.410794
-0.296704
0.073524
-0.075520
-0.220535
0.759050
0.206088
0.236849
0.033242
0.687275
0.117102
-0.566960
0.389554
0.756120
-0.298169
-0.124957
0.681782
-0.000449
-0.119830
-0.686341
1.045418
1.066658
0.106482
0.324737
0.627218
0.326568
1.189334
0.079749
-0.288282
0.900403
-0.320507
1.212405
0.046791
-0.031576
-0.366648
-0.197464
-0.513494
0.116735
-0.042195
-0.165971
0.312652
-0.442086
0.495752
-0.465888
0.369413
0.798599
0.388822
0.243440
0.203891
0.471217
0.266511
0.797501
-0.023519
0.178989
0.657246
0.221835
0.248933
0.240511
-0.537664
-0.076984
-0.518621
0.701190
0.800064
0.948009
0.559105
-0.810849
0.075355
0.352202
-0.365184
-0.019125
-0.093830
0.024453
-0.027914
-0.017294
0.095862
0.351103
0.606711
0.227694
-0.102985
0.293244
0.320709
0.922009
1.505365
-0.957695
-0.394846
-0.438057
-0.146196
-0.089801
-0.272169
0.243807
-0.268141
1.188236
0.705585
0.125890
-0.093097
0.660542
-0.343944
0.324371
-0.164140
0.132482
0.108313
-0.275098
0.920544
0.343779
-0.220901
0.468287
0.532372
0.035439
-0.564396
-0.273267
0.659810
-0.516424
0.823135
0.777360
0.045326
0.775163
-0.197098
0.969981
0.042031
0.684711
-0.538396
0.678486
0.102087
0.705218
0.585471
0.872938
0.091101
0.325835
-0.274366
0.001382
0.131383
-0.222366
0.302765
0.921276
-0.589298
-0.661805
0.252595
0.724993
-0.787778
-0.590763
1.091193
-0.014730
0.511132
0.029946
-0.490058
0.702655
0.802627
1.141728
0.293610
-0.640200
0.336089
0.100989
0.092932
0.682514
-0.192703
-0.488227
0.412259
-0.738707
0.407864
0.270905
-0.442818
0.103552
-0.367381
0.389920
0.296539
0.493189
0.336455
-0.415353
-0.054646
0.244539
-0.244338
0.732317
-0.564762
-0.089069
0.365751
0.629781
-0.737975
-0.151689
-0.859187
0.823867
0.408963
0.397611
-0.638002
0.751726
0.157017
0.633077
0.970713
-0.445381
-0.139605
-0.172929
-0.860652
0.924206
0.119299
0.662007
0.489893
0.827163
0.540428
-0.095661
0.945445
-0.908624
1.019418
1.043953
0.901135
0.702289
1.262208
0.541893
1.021615
0.626852
0.510766
0.375272
0.680317
0.347807
-0.515692
-0.125689
0.591696
0.194370
0.895276
0.489160
-0.249831
0.949107
0.495386
-0.066731
0.411160
-0.120562
0.443752
-0.173661
0.556541
-0.122027
1.141362
-0.295972
0.117468
-0.294873
-0.390818
1.116461
0.460597
0.229891
0.139440
-0.340648
-0.811947
-0.313549
-0.267774
0.728655
0.302032
-0.438424
-0.639467
-0.221633
-0.019491
0.728289
-0.269972
0.486231
0.025918
-0.140337
-0.615664
-0.641298
-0.590396
0.631612
0.805191
1.116094
0.920178
0.803360
0.414090
-1.275556
-0.466621
0.653950
0.348540
1.067024
-0.494086
-0.241774
0.359526
-0.020223
-0.957329
0.580710
0.847670
0.435695
-0.152788
0.415921
-0.318676
0.098059
-0.238112
0.268708
0.662373
-0.213577
-0.030111
0.972910
0.373075
0.437893
-0.835750
-0.439888
0.097327
0.533471
-0.517156
0.345610
0.122228
0.993051
0.777726
-0.414254
-0.291211
0.142736
0.310455
0.663105
0.274567
1.068855
0.176426
1.117559
0.968882
-0.322704
0.358793
0.362089
0.348174
0.275666
-0.417916
0.704852
1.045052
0.081580
0.275300
0.149693
0.346709
0.173862
0.371244
-0.264112
-0.051350
0.878065
-0.343212
0.146764
0.240145
0.030312
0.579246
-0.313916
0.457301
-0.268873
-0.226394
0.706317
0.247102
0.854262
-0.469550
0.120031
0.017861
-0.150224
0.198764
0.204989
-0.291577
0.731585
0.494653
0.852431
-0.146928
-0.265943
-0.317944
0.752092
0.169834
0.512963
0.798233
0.848402
0.067298
0.199496
-0.714172
-0.025350
0.066200
1.578239
0.261384
-0.164872
0.582541
-0.239943
0.315948
-0.365916
0.900037
0.563133
-0.029745
0.797867
0.092566
-0.368846
0.361723
-0.314648
-0.443184
0.099524
-0.072590
-0.022054
1.188602
-0.079548
0.156651
0.382963
0.028847
0.456935
0.190708
0.897839
0.139806
-0.020590
0.681415
0.459132
0.433132
0.876234
1.067756
0.729021
0.117834
-0.224563
0.496484
-0.214675
0.165074
0.487696
0.584739
0.029214
-0.002646
-0.073322
-0.316113
0.146031
0.386625
0.077552
0.444484
0.050819
-0.118731
-0.736144
-0.005942
0.009439
0.247469
0.204623
-0.101886
-0.467719
0.125524
-0.884455
0.686176
0.484400
0.166172
-0.041097
0.154820
0.949840
0.042763
0.263215
0.316314
-0.176957
0.749162
-0.565861
0.463527
0.560936
1.068489
-0.076252
0.360624
0.182651
0.394681
0.321807
0.296173
0.553612
0.240877
-0.338085
-0.518255
0.091468
0.516992
-0.213943
0.443386
0.246004
0.083045
0.315216
0.018228
0.657979
-0.126788
-0.146562
-0.419381
0.539330
-0.464424
0.438991
-0.293775
0.359892
0.080482
0.775529
-0.592594
0.389188
0.059242
1.310547
-0.124590
0.175693
-0.465156
1.358519
-0.347606
0.901868
-0.216873
0.173496
0.555443
-0.440255
0.244173
0.215243
0.556175
-0.219436
0.633809
0.206454
0.412991
-0.419747
-0.539495
0.801529
0.555076
0.019326
0.614767
0.105383
0.589499
1.285645
1.213137
0.519555
0.482569
1.019052
0.023721
-0.191239
1.116827
0.001016
-0.613833
0.045693
0.315582
-0.322338
0.255525
0.044960
0.731951
0.035073
-0.097125
-0.442452
0.279694
0.634542
-0.712707
0.651387
0.169102
1.432125
